 TITLE = "Dataset"
VARIABLES = "x" "y" "u" "v" "rho" "p" "srr" "szz" "szr"   ZONE T="Zone 1" 
I=23,J=17,K=1,ZONETYPE=Ordered 
DATAPACKING=POINT 
 -0.6269517120896032  7.9661791498740735  0.0032987516506154313  -0.04189363163157066  1.846999043805986  0.0033109030752699518  -0.0010947629543501124  0.002194591312767747  -0.00013349274461056375
0.0  7.990809006006079  -0.0  -0.042059514277102285  1.846999043805986  0.0033109030752699518  -0.0010947629543501124  0.002194591312767747  0.0
0.6269517120896034  7.966179149874075  -0.0032987516506154313  -0.04189363163157066  1.8469991664171097  0.0033111055815528505  -0.0010746486889840834  0.002174531357083654  0.00025921350419565056
1.2500379259922123  7.892431998574356  -0.006579686320461203  -0.041505792775773764  1.8469992380155857  0.003311223338605812  -0.001014460045753428  0.002114435202863492  0.0005081829852924942
1.8654173098164917  7.770025383597822  -0.009818714844804104  -0.04086201574229564  1.8469991767618077  0.00331112161078133  -0.0009156108535437644  0.0020156301483676064  0.0007467712916158042
2.469295774552469  7.599713977846342  -0.012997245753055792  -0.03996631881747036  1.8469991447155862  0.0033110684970181336  -0.0007807372610092648  0.0018807703866104523  0.000966840654367898
3.0579502105401644  7.382547809037912  -0.016095631515604374  -0.03882420379511293  1.8469990978919024  0.003310990900064547  -0.0006130923710314867  0.0017131428799069064  0.0011631059603021026
3.6277513675072486  7.119865778389123  -0.019094769362974242  -0.03744271984637092  1.8469990440969264  0.0033109017490539857  -0.0004168074003776172  0.00151687830258379  0.001330728942562571
4.175186231907356  6.813287407775845  -0.021976167652279506  -0.03583038680026005  1.8469989836391247  0.003310801556276818  -0.00019671634493012818  0.0012968101199348722  0.0014655823930227788
4.696879685769787  6.464702854569194  -0.024722061477668984  -0.033997148613179325  1.8469989181353395  0.003310693001131642  4.176068701512698e-5  0.0010583578807347041  0.001564346163169721
5.189615315426298  6.076261258231237  -0.027315522133313043  -0.031954311056220125  1.8469988491831382  0.00331057873117091  0.0002927510049147004  0.0008073936632419334  0.001624588955152342
5.650355241772938  5.650357490165244  -0.029740561460177332  -0.029714471916474437  1.846998778481061  0.003310461561276964  0.0005500740120098955  0.0005500974186048981  0.0016448281398069977
6.076258849810286  5.189617388548766  -0.03198223034006586  -0.02729144315309317  1.8469987077696586  0.0033103443759502655  0.0008073934268445163  0.0002928047656243986  0.0016245661904762034
6.464700301987289  4.696881569178102  -0.0340267107487855  -0.024700165597698196  1.846998638790378  0.003310230061176131  0.0010583733170990172  4.185097401022049e-5  0.0015643028542274631
6.813284727373047  4.175187912135114  -0.03586140080317875  -0.02195661672530956  1.8469985732432321  0.00331012143427086  0.0012968340998050793  -0.0001965850187114728  0.0014655227664450662
7.11986298684395  3.6277528322517214  -0.03747499228904289  -0.01907771207094245  1.8469985127440052  0.003310021172961624  0.0015169046683088999  -0.0004166327176338125  0.0013306588211802902
7.382544923253558  3.0579514488451958  -0.03885754019849945  -0.016081200905459385  1.846998458784042  0.003309931748749551  0.0017131669023848013  -0.0006128745652441681  0.0011630322061473523
7.599711014892587  2.4692967769848027  -0.040000523860784815  -0.01298555681261645  1.8469984126940668  0.00330985536694993  0.001880789008276634  -0.0007804792676585548  0.0009667705846873432
7.770022360390991  1.865418068582104  -0.04089689929825056  -0.00980986384519752  1.8469983756110615  0.0033097939117992066  0.002015644412100183  -0.0009153206761578709  0.0007467064435728692
7.892428933501254  1.2500384368399489  -0.04154114249459732  -0.006573698954970077  1.8469983484496717  0.003309748899074147  0.00211441328671556  -0.0010140793043392608  0.0005082581118474573
7.966176056868549  0.6269519020128574  -0.041929283319155575  -0.0032970114194583473  1.8469983318800784  0.0033097214394153555  0.002174664220664148  -0.001074323989455251  0.00025729637991901407
7.990809054874612  0.0  -0.04205892990228787  -0.0  1.846998326311082  0.0033097122102966965  0.002194914026228398  -0.001094571695138388  0.0
7.966176056868506  -0.6269519020128581  0.041929283319155575  -0.0032970114194583473  1.846998326311082  0.0033097122102966965  0.002194914026228398  -0.001094571695138388  -0.00012944492280333048
-0.636770615005186  8.09094094222593  0.003212758422705479  -0.04078589142471671  1.847051441369412  0.003398064495003695  -0.0010947478293575974  0.002194570966208221  -0.00013374304854210406
0.0  8.115956626758969  -0.0  -0.04094796357005761  1.847051441369412  0.003398064495003695  -0.0010947478293575977  0.002194570966208221  0.0
0.6367706150051888  8.090940942225915  -0.003212758422705479  -0.04078589142471671  1.847051551848777  0.00339824665618997  -0.0010746072085779496  0.00217450585724759  0.00025940141972790844
1.269615329691762  8.016038799913494  -0.0064057237653153505  -0.04040837410521978  1.847051624468067  0.0033983660209209524  -0.0010144230574232129  0.002114416563285206  0.0005082537710011021
1.8946324410040314  7.891715119470985  -0.009559228899836021  -0.039781649290996174  1.847051567956694  0.0033982723447121745  -0.0009155983093675051  0.0020156177178926203  0.0007467941412467198
2.5079685149830016  7.718736391846405  -0.01265375853254036  -0.0389096413676062  1.847051521766076  0.0033981958702486424  -0.0007807132598784126  0.0018807473295981815  0.0009668716938101636
3.1058421294515832  7.498169087839493  -0.01567026786489053  -0.037797739704169414  1.8470514614613154  0.0033980960287736703  -0.0006130579335798252  0.001713109887992043  0.0011631382459098474
3.6845671949123204  7.231373078239481  -0.01859015569031524  -0.0364527982186445  1.8470513911718438  0.003397979656801467  -0.0004167624597889279  0.0015168353898385323  0.0013307593092158068
4.240575678918712  6.919993249020891  -0.021395419521263673  -0.03488311167631863  1.8470513123196528  0.003397849108250931  -0.00019666192916502183  0.001296758389258852  0.0014656077230048561
4.770439604281267  6.565949360247865  -0.024068763855914176  -0.03309835989324432  1.847051226873766  0.003397707643141566  4.1822621887739026e-5  0.0010582993447607264  0.001564363818509713
5.27089218367714  6.171424210098935  -0.02659370708128235  -0.03110954868298589  1.8470511369346088  0.0033975587389534667  0.0002928177689647312  0.0008073310507424051  0.0016245970383653146
5.738847960482659  5.738850177200108  -0.028954683030368425  -0.02892894177924272  1.8470510447163841  0.0033974060615520234  0.0005501424435238651  0.0005500339108721465  0.001644825682640871
6.171421831642222  5.270894224207862  -0.031137136905316207  -0.026569985124097455  1.8470509524898424  0.003397253370414609  0.0008074602009872313  0.0002927436871986017  0.0016245532526074228
6.565946835292701  4.770441455103333  -0.03312761493313587  -0.024047223869024904  1.8470508625260278  0.003397104425501947  0.0010584352702926343  4.179546831179996e-5  0.0015642805219737938
6.919990593475648  4.240577327571303  -0.03491384721534728  -0.021376212621906757  1.847050777041431  0.003396962896455624  0.0012968885387441608  -0.00019663229768567073  0.0014654930515040502
7.231370308562835  3.684568630130407  -0.03648482326146553  -0.01857341949604607  1.847050698142812  0.003396832271238724  0.0015169496334597255  -0.0004166698674848943  0.001330624468966657
7.49816622093661  3.1058433412971804  -0.03783085974868727  -0.015656124553568684  1.8470506277742893  0.0033967157685439375  0.0017132013603217353  -0.0006129006256921489  0.0011629964320075264
7.718733444953432  2.507969494958167  -0.03894366009803991  -0.012642313273941644  1.8470505676703735  0.003396616260032874  0.0018808129539187022  -0.0007804943205675966  0.0009667367632886853
7.891712110217794  1.8946331822525906  -0.03981636550430789  -0.009550565701500998  1.847050519312976  0.003396536199160962  0.002015658870373988  -0.0009153258447767038  0.0007466777816345496
8.016035745641641  1.2696158255912209  -0.0404435971139622  -0.0063999419545301495  1.8470504838942925  0.0033964775597281234  0.0021144202131032266  -0.0010140766512984154  0.0005082373361699218
8.090937854598609  0.6367708649249283  -0.04082148909518665  -0.003209864798050907  1.8470504622875918  0.0033964417875191745  0.002174666310065104  -0.0010743163230727915  0.0002572854713872166
8.115956640634526  0.0  -0.04094771240296971  0.0  1.8470504550256601  0.003396429764612705  0.0021949144487002172  -0.0010945623026299982  0.0
8.090937854598598  -0.6367708649249293  0.04082148909518665  -0.003209864798050907  1.8470504550256601  0.003396429764612705  0.0021949144487002177  -0.0010945623026299982  -0.00012943933509529086
-0.6465883512194908  8.215687070318564  0.0031643615882568058  -0.040170619392919535  1.8470560092584831  0.003406144267991489  -0.00109473471617237  0.0021945552628558564  -0.00013393628714068644
0.0  8.2410885764561  -0.0  -0.04033002507349524  1.8470560092584831  0.003406144267991489  -0.00109473471617237  0.0021945552628558564  0.0
0.6465883512194892  8.215687070318568  -0.0031643615882568058  -0.040170619392919535  1.8470561263485246  0.003406337059351679  -0.001074563911808478  0.0021744807720158878  0.00025956869123084926
1.28919027879658  8.139630089208588  -0.00630908240383045  -0.03979878700009084  1.8470562178333396  0.003406487524201604  -0.0010143808282900317  0.0021143938145488867  0.0005083377398173029
1.9238439151163929  8.013389585238725  -0.009414975475725616  -0.0391815299049839  1.8470561620703063  0.003406395301503772  -0.0009155801299444335  0.0020155996628105238  0.0007468278987120281
2.5466364142332996  7.837743870173653  -0.012462816823587608  -0.038322698739518775  1.84705609392244  0.003406282553946196  -0.0007806809789430152  0.0018807154747974356  0.0009669146972084197
3.153728053160481  7.613775857923918  -0.01543381733137806  -0.03722759304598604  1.8470560100051214  0.003406143719712279  -0.0006130115035211121  0.0017130641331730481  0.0011631832964347
3.7413759100611417  7.342866385728343  -0.01830966031731857  -0.035902965828686594  1.8470559115616603  0.0034059808531495873  -0.0004167018816403036  0.00151677575729157  0.0013308019828580135
4.305956940499329  7.026685700538848  -0.021072614857989242  -0.034356984336752515  1.8470558012013785  0.0034057982712442933  -0.00019658858732687887  0.0012966863014199108  0.001465643780921283
4.843990314680876  6.667183161383099  -0.02370564642302857  -0.0325991808753464  1.847055681613088  0.0034056004224196955  4.190608731791656e-5  0.0010582174695621684  0.0015643896593812564
5.352158877932528  6.2665752209259455  -0.02619252164502914  -0.030640393631803365  1.84705555574399  0.0034053921825843263  0.00029290773030419263  0.0008072430351106173  0.001624610057472635
5.827329602063006  5.82733176030273  -0.028517908439125814  -0.02849269987679512  1.8470554266927723  0.003405178678268377  0.0005502346390152341  0.0005499440261218982  0.0016448245264575026
6.266572901524726  5.352160861482845  -0.03066747050522901  -0.026169341456790444  1.847055297637441  0.0034049651672157237  0.0008075501511602326  0.0002926564122502067  0.0016245379523074789
6.667180695284099  4.843992111045265  -0.03262795569047138  -0.023684643122197886  1.847055171755582  0.003404756906470313  0.0010585187150083954  4.1715052690386684e-5  0.001564252492066104
7.026683103043181  4.305958538304438  -0.03438727765938096  -0.021053924183471635  1.8470550521474616  0.0034045590251500354  0.00129696185313057  -0.00019670224923533445  0.0014654549538539994
7.342863672875069  3.7413772991435663  -0.03593459037005442  -0.018293404045555337  1.847054941759489  0.003404376397824315  0.0015170101821603684  -0.0004167267482875804  0.0013305799552405394
7.613773046388926  3.153729224645863  -0.03726035490234857  -0.01542010220165471  1.8470548433104281  0.0034042135224389733  0.0017132477556592808  -0.0006129430840668863  0.0011629497892743155
7.8377409771747715  2.5466373606133743  -0.03835639822517809  -0.012451733304210856  1.8470547592251685  0.003404074410743279  0.0018808451926563235  -0.0007805223951698281  0.0009666924969066587
8.013386628430082  1.923844630284256  -0.039215963544455376  -0.009406597960181137  1.8470546915751782  0.003403962489784378  0.002015678335222093  -0.0009153409647172584  0.0007466401759492888
8.139627086279546  1.2891907579653918  -0.0398337519241296  -0.0063034699220746015  1.847054642027068  0.0034038805168079877  0.0021144295383836997  -0.0010140815005024138  0.0005082100359324917
8.215684036300686  0.6465885958537874  -0.040205954924560326  -0.0031614803707857527  1.8470546118013444  0.003403830511020694  0.0021746691243103283  -0.0010743145817663688  0.00025727112501787485
8.24108856209231  0.0  -0.040330278058774136  -0.0  1.847054601642649  0.0034038137043581125  0.0021949150192067833  -0.0010945582909722101  0.0
8.215684036300617  -0.6465885958537898  0.040205954924560326  -0.0031614803707857527  1.847054601642649  0.0034038137043581125  0.0021949150192067833  -0.0010945582909722101  -0.0001294319834716405
-0.6564059651098159  8.340431594795579  0.0031191963235209486  -0.039597449226118395  1.8469676328665985  0.003259978078932432  -0.001094739648508961  0.0021945658674817816  -0.00013380589022535654
0.0  8.36621892774266  -0.0  -0.03975426361603754  1.8469676328665983  0.003259978078932432  -0.001094739648508961  0.0021945658674817816  0.0
0.6564059651098177  8.340431594795625  -0.0031191963235209486  -0.039597449226118395  1.8469677764800116  0.0032602147274150956  -0.0010745630801742194  0.0021744837223696923  0.00025951323280033257
1.3087649789020037  8.263219789423998  -0.006219007813933065  -0.03923089867387848  1.8469678955069417  0.0032604107350869497  -0.0010143747171699165  0.002114388805266177  0.0005083538790606785
1.9530550164545795  8.135062487144712  -0.009280555098771324  -0.038622456874436426  1.846967836519022  0.0032603131867869495  -0.0009155735824424746  0.002015592846727569  0.0007468411435601404
2.5853038203788077  7.956749819698564  -0.012284884220428794  -0.03777588966786569  1.8469677581780242  0.0032601835933277422  -0.0007806713844002403  0.0018807047812915674  0.0009669293175522968
3.201613366543162  7.7293811437060445  -0.015213472628979631  -0.036696421729807575  1.8469676613510795  0.0032600234198185305  -0.0006129976208584221  0.001713048588686155  0.0011631989927756337
3.7981839016395043  7.454358262674025  -0.018048264780976698  -0.035390708067357134  1.846967547950481  0.0032598358299223288  -0.0004166837795380978  0.0015167553219492171  0.001330817281827488
4.371337369938649  7.133376784123466  -0.020771783238731082  -0.033866798919998685  1.8469674207926845  0.0032596254825966887  -0.00019656668114619103  0.0012966613093073945  0.001465657357876498
4.917540089715414  6.768415665612  -0.023367236598173358  -0.032134089701826754  1.8469672830123718  0.0032593975633374707  4.193100530776501e-5  0.001058188650511618  0.0015644003713922627
5.433424539572422  6.361725013802352  -0.025818623034977405  -0.030203263162643993  1.846967138001208  0.0032591576827269396  0.00029293457409047016  0.0008072114324975661  0.001624617056236938
5.915810120329193  5.9158122118060374  -0.02811082895179891  -0.02808622350846752  1.8469669893301217  0.003258911747883332  0.0005502621352706612  0.0005499108915744493  0.0016448273353510904
6.3617227644737175  5.433426460332583  -0.030229722158877474  -0.025796023007958024  1.8469668406603403  0.003258665815290918  0.0008075769638872135  0.0002926230814579034  0.0016245365072181087
6.768413272277478  4.9175418279526415  -0.03216223900220715  -0.02334678152072246  1.8469666956520803  0.0032584259397525055  0.0010585435759990496  4.168281499140078e-5  0.0015642471418563886
7.133374261525703  4.3713389149761275  -0.03389646490438082  -0.020753599442515747  1.846966557875903  0.003258198027751059  0.0012969836855039661  -0.00019673227483951651  0.0014654464207690013
7.45435562636235  3.798185243993447  -0.03542170781949699  -0.018032464606555942  1.846966430724603  0.0032579876916996953  0.001517028205172974  -0.0004167537188640443  0.001330569259266302
7.729378409940705  3.2016144979789747  -0.0367285641514588  -0.015200153712445548  1.8469663173285695  0.0032578001099276663  0.001713261560658176  -0.0006129665101220772  0.0011629381439395396
7.956747005350105  2.585304733960384  -0.03780897672873127  -0.012274128892666993  1.8469662204797506  0.0032576399009018923  0.001880854782726201  -0.0007805421821610403  0.0009666811867956252
8.135059609596174  1.953055706574046  -0.038656284477422795  -0.009272430053465475  1.8469661425625976  0.0032575110090020927  0.0020156841248170207  -0.0009153574150147585  0.0007466304278094917
8.263216866182196  1.3087654413143812  -0.03926526348770467  -0.006213563652700384  1.8469660854954257  0.0032574166075190324  0.002114432312887246  -0.001014095275684548  0.0005082028960149845
8.340428643007309  0.6564062019105561  -0.03963215921963405  -0.0031163886028801103  1.8469660506833092  0.003257359020732557  0.0021746699633840047  -0.0010743266290398831  0.0002572673547307067
8.366218903793449  0.0  -0.03975470965042171  -0.0  1.8469660389832516  0.0032573396663026642  0.002194915191436763  -0.001094569741171285  0.0
8.340428643007236  -0.6564062019105545  0.03963215921963405  -0.0031163886028801103  1.8469660389832514  0.0032573396663026647  0.0021949151914367627  -0.001094569741171285  -0.0001294300469731922
-0.666223399632033  8.465173832791828  0.003074638975484221  -0.03903215304804585  1.8468945922095925  0.003139115255976447  -0.0010947453549310414  0.0021945774362825397  -0.00013366350897611295
0.0  8.491346986389118  -0.0  -0.03918638588977176  1.8468945922095927  0.003139115255976447  -0.0010947453549310414  0.0021945774362825397  0.0
0.6662233996320331  8.465173832791773  -0.003074638975484221  -0.03903215304804585  1.8468947447921387  0.003139366768949622  -0.0010745654539482457  0.0021744889261998434  0.00025944446615793534
1.328339320096019  8.386807222929383  -0.0061301666968161805  -0.03867082273780358  1.8468948757169734  0.0031395824837487383  -0.0010143737753019937  0.002114387613990678  0.0005083577919955992
1.982265582148113  8.25673315794068  -0.00914797651141131  -0.038071067539079795  1.8468948189108565  0.003139488544480376  -0.0009155725701144943  0.0020155912639727284  0.000746844278099903
2.6239705175966335  8.075753587377674  -0.01210938820752868  -0.037236590829085224  1.8468947386876422  0.0031393558419511697  -0.0007806699942622919  0.001880702272276739  0.0009669328909955314
3.249497802192689  7.8449843104618004  -0.014996142182337472  -0.03617253839812083  1.8468946393879524  0.003139191583334513  -0.0006129956271846966  0.0017130448794216984  0.0011632030105663423
3.854990852199664  7.56584809651692  -0.017790441010324842  -0.03488547078460432  1.8468945231207112  0.0031389992575635837  -0.0004166811785754642  0.0015167503135101697  0.0013308214983417535
4.436716601613182  7.240065913145173  -0.020475056954643533  -0.033383322812742144  1.8468943927505581  0.003138783603246949  -0.0001965635364820096  0.0012966549802498719  0.0014656615310008948
4.991088517743988  6.869646315858848  -0.023033438479324188  -0.031675355463504376  1.846894251491277  0.0031385499365470413  4.1934579554435024e-5  0.0010581810499738094  0.0015644042831032866
5.514688713385183  6.456873064670422  -0.0254498122604265  -0.029772098649863857  1.846894102820925  0.003138304010773811  0.0002929384212970063  0.0008072026727701404  0.0016246205270300529
6.004289019223436  6.004291043951286  -0.02770928043985748  -0.0276852863316763  1.8468939504012658  0.0031380518831118217  0.0005502660724677392  0.0005499011331811649  0.001644830237058306
6.456870886575645  5.514690572372512  -0.02979791248272436  -0.025427784183110366  1.8468937979856312  0.0031377997622067094  0.000807580799651131  0.00029261251579652754  0.0016245387701264596
6.869643997744911  4.991090199661477  -0.03170283107138665  -0.0230135102843978  1.846893649326148  0.0031375538546989396  0.0010585471292514819  4.167164554996518e-5  0.0015642487560500564
7.240063469256124  4.436718096238553  -0.03341229151059788  -0.020457349320392122  1.8468935080832145  0.003137320215487661  0.0012969868031282462  -0.00019674385066870774  0.0014654474316951268
7.5658455419079855  3.8549921504723264  -0.034915754150471205  -0.01777506081973835  1.8468933777344678  0.0031371045971445265  0.0015170307767895554  -0.00041676552565831954  0.001330569758156215
7.844981660906914  3.2494988962612195  -0.03620394938091098  -0.014983181993736173  1.8468932614882205  0.003136912306727105  0.0017132635292040452  -0.000612978406646445  0.0011629382541547076
8.075750859274347  2.62397140085939  -0.03726893479661651  -0.012098925778648715  1.8468931622062668  0.003136748078090003  0.0018808561498267731  -0.0007805540688371085  0.0009666810475694765
8.256730368179381  1.9822662492759031  -0.03810414417867393  -0.009140074708828957  1.8468930823324807  0.0031366159537789783  0.002015684950440446  -0.0009153692360787945  0.0007466301770898793
8.386804388780977  1.3283397671463488  -0.03870442798998264  -0.0061248712729447185  1.8468930238326298  0.003136519185471665  0.002114432709428722  -0.0010141070161409846  0.0005082026540747084
8.46517097149805  0.6662236286702806  -0.03906608513483725  -0.0030719054334159765  1.8468929881467275  0.0031364601551694053  0.0021746700847088568  -0.0010743383068339918  0.00025726721025846476
8.491346960294823  0.0  -0.03918688578550908  -0.0  1.8468929761530535  0.003136440315678833  0.0021949152179737003  -0.0010945813956090243  0.0
8.465170971497995  -0.6662236286702775  0.03906608513483725  -0.0030719054334159765  1.8468929761530537  0.003136440315678833  0.0021949152179737003  -0.0010945813956090246  -0.0001294299686935539
-0.6760405927049312  8.589913003344709  0.0030306890239064723  -0.038474591043950054  1.846834080460325  0.003038958454323013  -0.001094750759902694  0.002194588292401782  -0.00013352976117480473
0.0  8.616471966132602  0.0  -0.03862627215722349  1.846834080460325  0.003038958454323013  -0.001094750759902694  0.002194588292401782  0.0
0.6760405927049337  8.58991300334467  -0.0030306890239064723  -0.038474591043950054  1.846834234774298  0.0030392128722437272  -0.001074568269069675  0.0021744941815605035  0.00025937832841458193
1.3479131796029125  8.510391617045938  -0.0060425417917441965  -0.0381184182466729  1.8468343691387712  0.0030394343154369987  -0.0010143738557393965  0.0021143872246813444  0.0005083590693799823
2.0114754289447667  8.378400836407499  -0.009017214191696762  -0.037527230289243825  1.846834314827604  0.0030393445009264585  -0.0009155726074048892  0.002015590723496398  0.0007468454032446837
2.6626362632454144  8.1947544284884  -0.011936295268748249  -0.0367046747226303  1.8468342360762018  0.0030392142327834402  -0.0007806701812625927  0.001880701420325946  0.0009669342122536028
3.2973810594917987  7.96058463442597  -0.014781786304879837  -0.03565582359030469  1.8468341383098315  0.0030390525101943173  -0.0006129959041301918  0.0017130435660471354  0.0011632046363213174
3.9117964049316893  7.6773351888950785  -0.01753614405038949  -0.034387142972574815  1.8468340238623226  0.003038863194154892  -0.00041668153867872025  0.0015167484416317967  0.0013308234130377918
4.502094224639742  7.346752418936513  -0.020182387100610856  -0.03290645443765261  1.8468338955334087  0.003038650915926119  -0.00019656397290384591  0.0012966524647691213  0.001465663705288742
5.064635136262866  6.970874477279601  -0.022704200493190982  -0.03122288654540399  1.8468337564859527  0.0030384209074516486  4.193408236788232e-5  0.001058177814954333  0.0015644066797354242
5.595950888021227  6.55201877644857  -0.025086036343756637  -0.02934681870010344  1.8468336101441745  0.0030381788329972986  0.0002929378846277862  0.0008071986558353324  0.0016246230987967665
6.092765741633899  6.092767701142836  -0.027313209696737818  -0.02728981715661134  1.8468334601124552  0.003037930654840532  0.0005502655214181748  0.0005498962884594723  0.0016448329269637145
6.55201666833405  5.595952686975645  -0.0293719890731751  -0.025064563730133407  1.8468333100851646  0.003037682484105303  0.0008075802607558896  0.0002926068168315538  0.0016245415121993745
6.9708722334591915  5.064636763730821  -0.031249681140887105  -0.022684777625224497  1.8468331637560202  0.0030374404308301972  0.001058546627972416  4.1665087805171284e-5  0.001564251476921449
7.346750053186296  4.502095670764941  -0.03293470898934032  -0.02016513086367165  1.846833024727688  0.0030372104544275948  0.0012969863614837706  -0.0001967512479847113  0.0014654500528743265
7.677332715786005  3.911797660984386  -0.0344166835207321  -0.01752115783543235  1.8468328964230054  0.003036998216833137  0.00151703041114147  -0.00041677371845066187  0.001330572199003387
7.96058206923511  3.297382117912559  -0.03568646752286315  -0.014769159527812645  1.8468327820002073  0.0030368089422810967  0.0017132632485433216  -0.0006129873257502674  0.0011629404353616004
8.194751787100461  2.662637117680359  -0.03673623202105307  -0.011926103023382338  1.846832684275837  0.0030366472897847187  0.0018808559548303357  -0.000780563621068262  0.0009666828949170151
8.378398135220982  2.0114760742774824  -0.03755950456517085  -0.00900951688709857  1.8468326056552997  0.0030365172382637302  0.0020156848332337895  -0.0009153793063374212  0.0007466316253429846
8.510388872807805  1.3479136120544244  -0.03815120915155158  -0.006037383087203282  1.8468325480734276  0.0030364219882323073  0.002114432654271559  -0.0010141174707505897  0.0005082036505999929
8.58991023308437  0.6760408142292289  -0.03850769753162055  -0.003028026116579753  1.8468325129475152  0.0030363638841159534  0.00217467006953723  -0.0010743489979852154  0.0002572677180637946
8.616471940428514  0.0  -0.03862677171591621  0.0  1.8468325011420712  0.003036344355944443  0.0021949152166068076  -0.0010945921666140244  0.0
8.58991023308441  -0.6760408142292319  0.03850769753162055  -0.003028026116579753  1.8468325011420712  0.003036344355944443  0.0021949152166068076  -0.0010945921666140244  -0.00012943022501681937
-0.6858575208100889  8.714648809795541  0.002987684258397267  -0.0379290273380807  1.8467802278606764  0.0029498097367371013  -0.0010947558751302048  0.0021945985455805147  -0.00013340331742109867
0.0  8.741593569074874  0.0  -0.03807820877643946  1.8467802278606764  0.0029498097367371013  -0.0010947558751302048  0.002194598545580515  0.0
0.6858575208100872  8.714648809795625  -0.002987684258397267  -0.0379290273380807  1.8467803813213757  0.002950062785943358  -0.0010745710702329864  0.0021744992469300895  0.0002593153795548277
1.367486510761524  8.633972677884238  -0.005956802415509444  -0.037577903149254625  1.8467805157794408  0.0029502844243997936  -0.001014374177678291  0.0021143870487941863  0.0005083596384012288
2.0406844872828995  8.500065233386682  -0.008889266227446532  -0.03699509744579985  1.8467804635410432  0.0029501980355704283  -0.0009155728617020744  0.002015590412650335  0.0007468460718264172
2.7013009652017734  8.31375206006728  -0.011766927667080006  -0.03618420615039174  1.8467803872302813  0.0029500718029685916  -0.0007806706365344684  0.0018807008958949588  0.0009669350812229667
3.345263024324973  8.076181840649891  -0.014572043313290822  -0.0351502278932706  1.8467802923456866  0.0029499148452012914  -0.0006129965660690781  0.0017130427309979242  0.0011632057705487254
3.968600424407071  7.788819274545311  -0.017287318910985207  -0.033899537456206295  1.8467801812618796  0.002949731090799923  -0.00041668240185776796  0.0015167472036927135  0.0013308248382299037
4.56747008309054  7.453436047553782  -0.0198960139662762  -0.03243984533777928  1.8467800567079689  0.002949525054266547  -0.00019656501757578948  0.0012966507307482966  0.0014656654315885432
5.138179769784294  7.072099908817287  -0.02238204502600559  -0.030780150660550683  1.8467799217505707  0.0029493018084013113  4.1932893581932276e-5  0.0010581754906274893  0.0015644087031283526
5.677210869493738  6.647161922459585  -0.024730084810115554  -0.028930685621510438  1.8467797797136016  0.002949066851627569  0.0002929366032215473  0.0008071956510313561  0.001624625397426577
6.181240076252011  6.181241972492456  -0.02692565671974481  -0.02690285244515481  1.8467796340950429  0.0029488259702962955  0.0005502642078160362  0.0005498925232159423  0.0016448354589227692
6.647159882405779  5.677212610358539  -0.028955224098402094  -0.024709153100944983  1.8467794884806747  0.002948585095988438  0.0008075789784909391  0.0002926022277190059  0.0016245442151902624
7.072097737432627  5.138181344695534  -0.030806273702077034  -0.02236311224158792  1.8467793464559144  0.0029483501596761813  0.001058545437642458  4.165963396533009e-5  0.0015642542697856554
7.453433758169308  4.567471482511425  -0.032467392863599  -0.019879193831108536  1.8467792115172101  0.002948126945148705  0.0012969853148712166  -0.00019675757947753872  0.0014654528389553257
7.788816881261601  3.968601639891052  -0.033928339873287444  -0.017272711979195044  1.8467790869866945  0.0029479209478366426  0.0015170295461500315  -0.0004167809085546339  0.0013305748711581558
8.076179358250505  3.345264048557748  -0.03518010714288383  -0.014559736528052664  1.8467789759298339  0.002947737238589223  0.0017132625854479507  -0.0006129953211438565  0.0011629428822611191
8.313749503928008  2.7013017920369773  -0.03621497676004023  -0.01175699397615028  1.8467788810801762  0.002947580339194473  0.0018808554941592472  -0.000780572333920984  0.0009666850082013452
8.500062619364355  2.0406851117688034  -0.0370265680913052  -0.008881764347711825  1.8467788047723057  0.00294745411147672  0.0020156845556021687  -0.0009153886163588515  0.0007466333069954501
8.633970022262952  1.3674869292497014  -0.037609877138534295  -0.005951774645849535  1.8467787488842475  0.0029473616620251846  0.00211443252217811  -0.0010141272294759977  0.000508204819939511
8.714646128967928  0.6858577351180268  -0.037961307405007194  -0.0029850895451753214  1.8467787147915913  0.002947305266311441  0.002174670031011843  -0.0010743590351535016  0.00025726831766083433
8.741593544461251  0.0  -0.03807869207994564  -0.0  1.8467787033334124  0.0029472863123135465  0.0021949152103471034  -0.0010946022981720045  0.0
8.714646128967951  -0.6858577351180295  0.037961307405007194  -0.0029850895451753214  1.8467787033334124  0.002947286312313546  0.0021949152103471034  -0.0010946022981720045  -0.00012943052861528968
-0.6956741842876961  8.839381256385566  0.0029457885000560916  -0.03739753621725372  1.8467298821154117  0.0028664569432338936  -0.0010947607864022631  0.0021946083859154036  -0.00013328185117014095
0.0  8.866711798962939  0.0  -0.037544277775203534  1.846729882115412  0.002866456943233893  -0.0010947607864022631  0.0021946083859154036  0.0
0.6956741842876965  8.839381256385575  -0.0029457885000560916  -0.03739753621725372  1.8467300341335466  0.002866707647984105  -0.001074573786711892  0.002174504130769906  0.00025925481532505074
1.3870593143058696  8.757550410089367  -0.0058732743828502475  -0.03705133235709142  1.8467301678071295  0.002866928028430494  -0.0010143745342322153  0.0021143869176624393  0.0005083600550996713
2.0698927582479376  8.621726353248816  -0.008764618407990522  -0.036476693538502886  1.8467301173700887  0.0028668446163393445  -0.0009155731324048279  0.0020155901347417068  0.0007468466689005426
2.739964624897893  8.432746486382072  -0.011601928335328493  -0.0356771646263976  1.8467300436377119  0.0028667226468609974  -0.0007806710846430803  0.0018807004029935898  0.0009669359007219078
3.393143698430696  8.19177593319362  -0.014367709785967436  -0.0346576752137352  1.8467299519101645  0.0028665709089877277  -0.0006129972135067377  0.0017130419423598976  0.001163206846389133
4.025402912646738  7.900300357301959  -0.017044910888535506  -0.03342451024397078  1.8467298445171603  0.0028663932569842464  -0.00041668324643166294  0.0015167460326980277  0.0013308261934898648
4.63284417923671  7.560116802576786  -0.019617025923042333  -0.031985272304138175  1.8467297241007994  0.002866194061497539  -0.00019656603962643022  0.0012966490872681508  0.0014656670774995204
5.211722420796634  7.173322613776927  -0.022068196954406104  -0.03034883440119881  1.8467295936269652  0.0028659782287775537  4.1931730747175216e-5  0.0010581732834587336  0.0015644106368320676
5.758468660474745  6.7423025057192785  -0.02438331163073273  -0.028525285364680786  1.8467294563087346  0.0028657510739814956  0.00029293534993416403  0.0008071927927454799  0.001624627598597484
6.269712025900592  6.2697138607180785  -0.026548096353100174  -0.02652586765106148  1.8467293155277487  0.0028655181911031616  0.0005502629231709575  0.0005498889359778574  0.0016448378876867923
6.742300531733489  5.758470344938123  -0.028549204287124985  -0.024362908050808662  1.846729174750648  0.0028652853147385117  0.0008075777246236457  0.0002925978494984801  0.001624546811753626
7.173320512699654  5.211723944673046  -0.030374297661859687  -0.02204974170489768  1.8467290374436602  0.0028650581787893073  0.0010585442737764265  4.165442448937495e-5  0.001564256955897661
7.560114587306589  4.632845533301011  -0.03201212385160999  -0.01960062990128212  1.8467289069873634  0.0028648423754676086  0.0012969842916039475  -0.00019676363352609592  0.0014654555211871373
7.900298041482638  4.025404088728866  -0.03345258476967592  -0.017030672158176014  1.8467287865934936  0.002864643217675593  0.0015170287004968104  -0.0004167877895530664  0.001330577445777389
8.191773531131076  3.393144689456332  -0.03468679914544793  -0.014355713134016327  1.846728679225579  0.0028644656077183627  0.0017132619371962757  -0.0006130029782770465  0.0011629452413606694
8.432744012952776  2.7399654249217367  -0.03570715729964018  -0.0115922449392355  1.846728587526433  0.002864313917365839  0.0018808550437899984  -0.0007805806829132765  0.0009666870466880724
8.621723823814593  2.0698933624846854  -0.03650736807927181  -0.008757305451506584  1.8467285137530935  0.0028641918802288324  0.0020156842841443094  -0.0009153975414482858  0.0007466349297510968
8.757547840355668  1.3870597192172454  -0.037082497661495926  -0.005868373261663938  1.8467284597214435  0.0028641025001531666  0.002114432392976426  -0.001014136587581537  0.000508205948617135
8.839378662359465  0.6956743915777135  -0.03742899998654048  -0.0029432598989009885  1.8467284267612465  0.0028640479768405457  0.0021746699932643013  -0.0010743686620187343  0.00025726889649635367
8.86671177560404  0.0  -0.037544738631018634  -0.0  1.846728415683625  0.002864029652053536  0.002194915204134105  -0.0010946120161527731  0.0
8.839378662359492  -0.6956743915777106  0.03742899998654048  -0.0029432598989009885  1.846728415683625  0.0028640296520535354  0.002194915204134105  -0.0010946120161527731  -0.00012943082172996444
-0.7054905914360861  8.964110448787574  0.0029050317407824182  -0.03688050068239515  1.8466819733873696  0.0027871312515267846  -0.0010947655363496818  0.002194617901439243  -0.00013316428835468232
0.0  8.991826762331712  -0.0  -0.03702486325629141  1.8466819733873694  0.0027871312515267846  -0.0010947655363496818  0.0021946179014392434  0.0
0.7054905914360848  8.964110448787492  -0.0029050317407824182  -0.03688050068239515  1.8466821236092472  0.002787379024745083  -0.0010745764242682584  0.002174508864312293  0.00025919615177078735
1.4066316067799192  8.881124918062707  -0.005792017200302714  -0.03653908238609365  1.8466822560470828  0.0027875973987614537  -0.001014374911028822  0.0021143868225747694  0.0005083603624357224
2.0991002665617158  8.74338429898114  -0.008643359385018572  -0.03597238766957166  1.8466822072834022  0.0027875167518280064  -0.0009155734486124834  0.0020155899191852057  0.000746847143362969
2.778627275053309  8.551737808130735  -0.011441414993562018  -0.03518391278258486  1.8466821361035728  0.0027873990029136857  -0.0007806715988794538  0.0018807000067672939  0.0009669365841959503
3.44102312234113  8.307367009909518  -0.014168931636753365  -0.03417851806828215  1.8466820475411487  0.0027872524984968935  -0.0006129979536686565  0.0017130412936423643  0.0011632077742909706
4.082203917747349  8.011778531559044  -0.016809093457171936  -0.03296240204531498  1.846681943848493  0.002787080964924677  -0.00041668421203282376  0.0015167450490185057  0.001330827397105367
4.698216568449242  7.66679477436185  -0.019345623054011777  -0.03154306207762737  1.8466818275817083  0.0027868886306523007  -0.00019656720825634162  0.0012966476780138054  0.0014656685782114412
5.2852631516094135  7.274542677919341  -0.021762881896083948  -0.029929248525928154  1.8466817016036967  0.0027866802316509525  4.19304010988952e-5  0.001058171353886302  0.0015644124408176101
5.8397243298336345  6.837440606862502  -0.024045966711800752  -0.02813091074042665  1.8466815690171419  0.0027864609005445675  0.0002929339168363886  0.0008071902494001737  0.0016246296926589773
6.358181665589164  6.35818344082848  -0.026180801381639897  -0.02615913575208819  1.8466814330870682  0.002786236038505466  0.0005502614542278272  0.0005498856931301062  0.001644840236652056
6.837438697008464  5.839725959630565  -0.02815422372894776  -0.02402607993262083  1.8466812971605835  0.0027860111824836295  0.0008075762909557823  0.0002925938361256765  0.0016245493577902981
7.274540645138774  5.285264626057118  -0.02995406668167821  -0.0217448940628029  1.8466811645846817  0.0027857918692327653  0.0010585429431309102  4.16495911798161e-5  0.0015642596199199423
7.666792631136246  4.6982178786149635  -0.031569233300145286  -0.019329642264891252  1.8466810386233559  0.0027855834981958417  0.0012969831218010161  -0.00019676930853098268  0.0014654582063701135
8.011776291089083  4.082205055718808  -0.03298976521117159  -0.016795215300613228  1.8466809223774494  0.0027853911989181804  0.0015170277338213622  -0.00041679429568073495  0.0013305800428838098
8.307364686034203  3.441024081266027  -0.03420690402299091  -0.014157238769295123  1.846680818708696  0.0027852197053937293  0.0017132611962014804  -0.0006130102697881516  0.0011629476355526666
8.55173541524221  2.778628049173114  -0.03521314534223619  -0.011431976768885454  1.846680730168945  0.0027850732389870254  0.001880854528950011  -0.0007805886783063753  0.0009666891253070113
8.743381851922809  2.099100851237288  -0.03600228505960455  -0.008636231618169586  1.8466806589373193  0.002784955404479902  0.002015683973719001  -0.0009154061253641553  0.0007466365903177124
8.881122432079108  1.4066319985861737  -0.036569457616214926  -0.005787240254714847  1.8466806067671915  0.0027848691023622716  0.0021144322450462024  -0.0010141456151755322  0.0005082071064284305
8.964107939241748  0.7054907919492321  -0.03691116601543375  -0.0029025679505256096  1.8466805749425637  0.0027848164566708273  0.0021746699497843785  -0.001074377965527662  0.00025726949112659807
8.991826740170268  0.0  -0.03702530339349696  -0.0  1.8466805642466007  0.0027847987629418237  0.002194915196666079  -0.0010946214132904102  0.0
8.96410793924172  -0.7054907919492293  0.03691116601543375  -0.0029025679505256096  1.8466805642466007  0.0027847987629418232  0.002194915196666079  -0.0010946214132904102  -0.00012943112305858568
-0.7153067516971777  9.088836506712438  0.0028653860100253995  -0.036377563603777315  1.846636158100966  0.0027112649491515045  -0.0010947701341800912  0.002194627110851833  -0.00013305040807269628
0.0  9.116938578773405  -0.0  -0.03651960699317444  1.8466361581009658  0.0027112649491515045  -0.001094770134180091  0.002194627110851833  0.0
0.7153067516971753  9.088836506712425  -0.0028653860100253995  -0.036377563603777315  1.8466363065041018  0.0027115097520350193  -0.0010745789799157513  0.0021745134501501653  0.000259139306533247
1.426203407022966  9.004696320737512  -0.005712975231686549  -0.036040801640126  1.846636437681907  0.0027117260780759387  -0.001014375284320512  0.002114386741445861  0.0005083606254204507
2.1283070403113173  8.865039187477976  -0.00852540610324889  -0.035481835192488057  1.8466363905443026  0.0027116481183509502  -0.0009155737699107528  0.002015589726003031  0.0007468475724069195
2.8172889528503267  8.670726139664344  -0.011285277370211767  -0.03470411216632826  1.8466363218105548  0.002711534413998995  -0.0007806721197623752  0.0018806996461880315  0.0009669372147200145
3.4889013420845045  8.42295518183628  -0.01397557230978844  -0.033712427749208136  1.846636236288108  0.002711392936195247  -0.0006129987029407053  0.0017130406983557405  0.0011632086402431918
4.1390034942937755  8.123253904365201  -0.016579704440974074  -0.0325128954972769  1.846636136156458  0.0027112272907568362  -0.00041668518938394627  0.0015167441393169584  0.0013308285316567402
4.76358731352338  7.773470065304762  -0.019081618525688973  -0.031112910660568538  1.846636023881824  0.0027110415575126094  -0.00019656839111236986  0.0012966463652708767  0.0014656700049715734
5.35880203283192  7.375760198357064  -0.021465889440419966  -0.029521104271477423  1.8466359022292052  0.002710840310549966  4.192905526410005e-5  0.0010581695445125044  0.001564414168313755
5.9209779555494935  6.932576317122626  -0.02371781730073761  -0.027747290022702757  1.8466357741948092  0.0027106285064351352  0.00029293246634408713  0.000807187850325376  0.0016246317099653821
6.446649080177993  6.446650797620283  -0.025823518088428365  -0.025802403768735667  1.8466356429318442  0.0027104113614526406  0.0005502599674896596  0.000549882618390739  0.0016448425106763654
6.9325744694423  5.920979532279495  -0.027770009260474526  -0.023698436120573048  1.8466355116721622  0.002710194221976299  0.0008075748399554179  0.0002925900138370195  0.0016245518325245312
7.375758231745789  5.358803459266423  -0.029545289800651707  -0.021448358533968398  1.846635383647943  0.0027099824349147987  0.0010585415964590853  4.1644970496229166e-5  0.00156426221782295
7.7734679918373715  4.7635885810217085  -0.031138414224079876  -0.019066043347435536  1.846635262011143  0.0027097812144602808  0.0012969819379401607  -0.00019677475117742282  0.00146546083185966
8.123251736812552  4.1390045952025  -0.03253956007608162  -0.016566178261965495  1.8466351497560884  0.002709595514032216  0.0015170267555498667  -0.0004168005518861533  0.0013305825876610403
8.422952933587496  3.4889022697758643  -0.03374008850704676  -0.01396417579031218  1.846635049646179  0.002709429905030698  0.001713260446313828  -0.0006130172962323069  0.0011629499854677143
8.670723824641385  2.8172897017538143  -0.03473259755287239  -0.011276078232605827  1.8466349641459723  0.0027092884644874856  0.0018808540079105185  -0.0007805963960862128  0.00096669116814702
8.865036820055092  2.128307605942637  -0.035510967786692896  -0.008518458765839032  1.8466348953597964  0.0027091746735124506  0.002015683659522005  -0.00091541442183763  0.0007466382238742885
9.004693915610055  1.4262037860597745  -0.03607040006261491  -0.005708319255310802  1.846634844980528  0.0027090913325641835  0.0021144320952563925  -0.0010141543482636685  0.0005082082461711935
9.088834078881927  0.715306945612052  -0.03640744511716396  -0.002862985420272426  1.8466348142483286  0.0027090404931927334  0.0021746699056693587  -0.0010743869702827188  0.00025727007670876687
9.11693855779121  0.0  -0.03652002484501555  0.0  1.8466348039195415  0.0027090234065852183  0.0021949151889850685  -0.001094630510256149  0.0
9.088834078881952  -0.7153069456120559  0.03640744511716396  -0.002862985420272426  1.8466348039195415  0.0027090234065852183  0.0021949151889850685  -0.001094630510256149  -0.00012943141985879384
-0.7251226747223906  9.21355955290453  0.0028268344020137117  -0.03588851301822342  1.8465925010984598  0.002638965955395423  -0.0010947745728225385  0.0021946359998709602  -0.00013294039680984788
0.0  9.242047372078336  -0.0  -0.0360282944830365  1.84659250109846  0.002638965955395423  -0.0010947745728225385  0.0021946359998709602  0.0
0.7251226747223953  9.213559552904552  -0.0028268344020137117  -0.03588851301822342  1.8465926476021433  0.0026392076525708855  -0.0010745814520212466  0.0021745178848461026  0.00025908435732358904
1.4457747342666467  9.128264739385278  -0.005636114574575847  -0.03555627784386766  1.846592777453071  0.0026394218182679823  -0.0010143756610436064  0.0021143866841695645  0.0005083608134647203
2.157513108224435  8.986691138321412  -0.008410707916326926  -0.0350048255165755  1.8465927319120046  0.002639346497053799  -0.0009155741118254268  0.002015589572461295  0.0007468479228207538
2.8559496963148696  8.789711597928276  -0.011133448748313247  -0.034237558177498656  1.8465926655252944  0.0026392366735959946  -0.0007806726746076799  0.0018806993500190916  0.0009669377532746732
3.536778404768984  8.538540562620351  -0.013787549215090896  -0.03325920551961895  1.8465925829183287  0.002639100016637995  -0.0006129995016242893  0.0017130401989744297  0.0011632094019123616
4.195801698191493  8.234726585361253  -0.016356646076156126  -0.0320757993635917  1.846592486202594  0.0026389400195300835  -0.00041668623139130796  0.0015167433595896615  0.001330829556056581
4.828956478826674  7.880142780367345  -0.018824900062039317  -0.03069463544261506  1.8465923777592275  0.0026387606214143154  -0.00019656965216943983  0.0012966452170790922  0.00146567132214651
5.432339136905821  7.476975274724963  -0.021177093581466196  -0.02912422878125096  1.846592260257617  0.0026385662382780234  4.192762042884321e-5  0.0010581679332818104  0.001564415792318931
6.002229617700148  7.027709730190504  -0.023398724518879865  -0.027374261146205753  1.8465921365919014  0.0026383616579126468  0.0002929309199441215  0.0008071856802861984  0.0016246336345249236
6.535114356894979  6.535116018257959  -0.02547609565205608  -0.025455521381692985  1.846592009807369  0.002638151918151716  0.0005502583824813056  0.0005498797996245476  0.0016448447060855608
7.027707942881646  6.002231142979254  -0.027396399107546883  -0.023379838907146268  1.8465918830259476  0.00263794218360834  0.0008075732930795276  0.00029258646971068355  0.001624554244696029
7.476973372412132  5.43234051682359  -0.02914779533446009  -0.021160010798847793  1.8465917593694383  0.0026377376186766856  0.0010585401608564152  4.1640644992211e-5  0.001564264769646585
7.880140774733085  4.82895770501644  -0.03071948611409793  -0.018809722902430007  1.8465916418823631  0.002637543259903465  0.001296980675988377  -0.0001967798867236582  0.0014654634267619413
8.234724488759353  4.1958027632411605  -0.03210178114911158  -0.01634346546265554  1.8465915334570746  0.0026373638920923893  0.0015170257128022412  -0.00041680649360503264  0.001330585115208248
8.538538388000113  3.5367793022584744  -0.03328615782407936  -0.013776443789442684  1.8465914367623306  0.0026372039301524822  0.001713259647000606  -0.0006130240045191479  0.0011629523285525912
8.789709358754768  2.8559504208480972  -0.03426531376760167  -0.011124484511223876  1.8465913541786687  0.00263706731218628  0.0018808534525136208  -0.0007806037947856376  0.0009666932111280555
8.98668884848083  2.157513655453899  -0.0350332118897616  -0.008403937994034726  1.8465912877389037  0.002636957401055674  0.0020156833245541404  -0.0009154223999605508  0.0007466398611473486
9.128262413134452  1.445775100976356  -0.03558511761783846  -0.005631577527459378  1.846591239078221  0.0026368769018290847  0.00211443193546314  -0.0010141627643517556  0.0005082093902502914
9.213557204621132  0.7251228622662864  -0.03591762809891405  -0.002824495899577721  1.8465912093944017  0.0026368277959780374  0.002174669858462759  -0.0010743956592057155  0.0002572706650422917
9.242047352193929  0.0  -0.03602869318906255  -0.0  1.8465911994179487  0.0026368112919633755  0.002194915180594852  -0.0010946392918424253  0.0
9.213557204621175  -0.7251228622662839  0.03591762809891405  -0.002824495899577721  1.8465911994179487  0.0026368112919633755  0.002194915180594852  -0.0010946392918424253  -0.00012943171817953985
-0.7349383671013977  9.33827967090851  0.0027893994025768886  -0.03541363165802793  1.8465518432998769  0.0025716259740902092  -0.001094778827972302  0.002194644516228324  -0.00013283491197124922
0.0  9.36715322550647  0.0  -0.03555120978647839  1.8465518432998769  0.0025716259740902092  -0.001094778827972302  0.0021946445162283235  0.0
0.7349383671013985  9.338279670908463  -0.0027893994025768886  -0.03541363165802793  1.8465519884865607  0.002571865528205236  -0.0010745838152737483  0.00217452213962679  0.00025903164321309635
1.4653456016646855  9.251830257095046  -0.005561480149893322  -0.035085794024937944  1.8465521177306445  0.0025720787239899906  -0.0010143759764935732  0.002114386598910181  0.0005083610554595008
2.186718489904995  9.108340233123863  -0.008299331827425064  -0.03454163898582828  1.8465520738065453  0.0025720060751768395  -0.0009155743314964664  0.002015589319375564  0.0007468484597665191
2.8946095313989995  8.908694262762303  -0.010986017468770088  -0.03378452353816762  1.8465520095214822  0.002571899726476886  -0.0007806730352816643  0.0018806988947614998  0.0009669385021867985
3.584654342517308  8.654123229780744  -0.01360497169357873  -0.03281911620377276  1.8465519295721897  0.0025717674636663137  -0.0006130000245602537  0.001713039478608366  0.001163210370434296
4.252598567530616  8.346196649272253  -0.0161400478312857  -0.03165136855956732  1.8465518359899873  0.00257161264750633  -0.00041668691280697095  0.0015167422962669719  0.0013308307649018626
4.894324108173007  7.98681299101772  -0.018575616383036377  -0.030288479898066933  1.8465517310566955  0.0025714390529026432  -0.000196570476396987  0.0012966437338546076  0.0014656727775200669
5.505874513090354  7.57818797479444  -0.020896661268847067  -0.02873885258743435  1.8465516173579843  0.0025712509574274053  4.192668288749026e-5  0.0010581659535017622  0.0015644174885218855
6.0834793706784325  7.122840909725556  -0.023088872420606005  -0.027012040312826103  1.846551497694471  0.002571052994242896  0.00029292990977086654  0.000807183131124394  0.001624635551762254
6.623577554924065  6.6235791619008975  -0.025138734010246532  -0.025118689182234564  1.8465513750127966  0.002570850038081424  0.000550257347256442  0.0005498766172511586  0.0016448468086030696
7.122839180930683  6.083480846030394  -0.027033607786789583  -0.023070472108084605  1.8465512523340495  0.00257064708682866  0.0008075722828440419  0.0002925826041919828  0.0016245564806398015
7.578186134765688  5.505875847842757  -0.028761811003018715  -0.020880016850481242  1.846551132678635  0.0025704491372335004  0.001058539223264464  4.163606506263843e-5  0.001564267072376349
7.986811051055493  4.894325294232112  -0.030312688457706377  -0.018560828173057573  1.8465510189925813  0.0025702610629950787  0.001296979851753636  -0.00019678518949844915  0.001465465717548476
8.346194621325845  4.252599597725886  -0.03167667820117474  -0.01612720458932432  1.8465509140749534  0.0025700874946776716  0.0015170250316829507  -0.000416812501666173  0.0013305873072759623
8.654121126375385  3.58465521063782  -0.03284537050388406  -0.013594150209403175  1.8465508205084924  0.0025699327049743324  0.0017132591248618751  -0.0006130306726009722  0.0011629543321038172
8.908692096920468  2.894610232223765  -0.033811559720050045  -0.010977282234729284  1.8465507405963724  0.0025698005040761377  0.0018808530897455877  -0.0007806110498821692  0.0009666949389583988
9.108338018288718  2.1867190192306434  -0.03456928872756235  -0.008292734667942342  1.8465506763056099  0.0025696941460571503  0.0020156831058762738  -0.0009154301429975272  0.0007466412345395433
9.251828006998045  1.465345956372778  -0.03511388567005428  -0.00555705883431902  1.8465506292189395  0.0025696162492658946  0.0021144318313405536  -0.0010141708736510267  0.0005082103445002309
9.338277399561987  0.7349385484495287  -0.035441992770878464  -0.0027871213258326977  1.8465506004952854  0.0025695687309298717  0.0021746698279878768  -0.0010744039956425773  0.00025727115412225776
9.367153206733791  0.0  -0.03555158704375895  -0.0  1.8465505908414945  0.002569552760397352  0.002194915175515971  -0.0010946477052536528  0.0
9.338277399561939  -0.7349385484495273  0.035441992770878464  -0.0027871213258326977  1.8465505908414945  0.002569552760397352  0.002194915175515971  -0.0010946477052536526  -0.00012943196576089023
-0.7447538276646739  9.462996846079687  0.0027532477852247306  -0.03495503885183147  1.8465168217883776  0.002513606943952653  -0.0010947828257443968  0.002194652511712989  -0.00013273580267050028
0.0  9.492256125313691  0.0  -0.035090472663562404  1.8465168217883776  0.0025136069439526524  -0.0010947828257443968  0.002194652511712989  0.0
0.7447538276646735  9.462996846079696  -0.0027532477852247306  -0.03495503885183147  1.8465169676358015  0.002513847626337997  -0.0010745859562004004  0.0021745260985420872  0.0002589822609788523
1.4849160069139247  9.375392858936449  -0.00548940349403466  -0.034631448911548  1.8465170982353787  0.002514063098031786  -0.001014375979539551  0.0021143862665913356  0.0005083619517066757
2.2159231819494147  9.229986457384905  -0.008191772400602263  -0.03409433951981656  1.8465170555907002  0.0025139925629167224  -0.0009155739744625828  0.0020155885123394014  0.0007468500631916723
2.933268453596846  9.027674119984546  -0.010843638612411027  -0.033347028191574236  1.8465169929842804  0.0025138889885673826  -0.0007806724886478307  0.0018806975795064816  0.0009669404076127642
3.632529149767389  8.769703169584712  -0.01342865108782581  -0.03239412223442106  1.8465169154604126  0.0025137607349145913  -0.0006129992402572943  0.0017130375279554323  0.0011632125372140936
4.309394095734841  8.457664082897189  -0.015930872488821433  -0.031241496216679883  1.8465168247159014  0.0025136106093883864  -0.0004166858846732399  0.0015167396305397712  0.0013308330996336523
4.959690194022738  8.093480684670748  -0.018334875868303277  -0.029896256145102672  1.8465167229518433  0.0025134422534254038  -0.0001965692310901521  0.001296640323091543  0.0014656751636421199
5.579408152939032  7.6793982866726545  -0.020625839759447772  -0.02836669562674019  1.8465166126900163  0.0025132598390094118  4.1928101756898076e-5  0.0010581617970227112  0.0015644198216913353
6.164727205192809  7.217969844597549  -0.022789639553890226  -0.026662244635906236  1.846516496642268  0.002513067852562324  0.00029293144042436827  0.0008071782606055405  0.0016246377405194036
6.712038664194531  6.7120402182446846  -0.024812934597175654  -0.02479341143336835  1.8465163776669724  0.002512871022916663  0.0005502589171035182  0.0005498710900708739  0.0016448487810251523
7.217968172808861  6.164728632010745  -0.026683250439056172  -0.022771717782960867  1.8465162586937722  0.002512674196798292  0.0008075738153563926  0.00029257649696634005  0.0016245581878205442
7.679396507387907  5.579409443833519  -0.028389055753492237  -0.020609627929883488  1.8465161426519172  0.002512482220281854  0.0010585406454707968  4.1629466110364746e-5  0.0015642684897250105
8.09347880882148  4.959691341152655  -0.029919833444790534  -0.018320471762920135  1.846516032398302  0.0025122998197301704  0.001296981101603866  -0.0001967921878941672  0.0014654668436686318
8.457662122039112  4.309395092151204  -0.03126614550088296  -0.015918362638316638  1.8465159306478058  0.0025121314865559964  0.0015170260640948387  -0.0004168198101013622  0.001330588160695815
8.769701135825887  3.6325299894491376  -0.032419691197538174  -0.013418110368447804  1.8465158399056805  0.002511981365364493  0.0017132599161294709  -0.0006130382100735042  0.001162954946242049
9.02767202591217  2.9332691314810644  -0.033373358288625324  -0.010835129914392292  1.8465157624052848  0.0025118531509459585  0.0018808536398408774  -0.000780618747547979  0.0009666953559493441
9.229984315989121  2.215923693957031  -0.034121266869851015  -0.008185346342789517  1.8465157000545256  0.002511749999669917  0.0020156834384298054  -0.0009154379458867437  0.000746641498539552
9.37539068352329  1.4849163500309475  -0.0346588056428958  -0.0054850966357371115  1.8465156543886212  0.0025116744513431675  0.002114431991297119  -0.0010141787402440313  0.0005082104952492074
9.462994649914307  0.7447540030504989  -0.0349826603563665  -0.0027510289574271987  1.8465156265315907  0.0025116283654981085  0.0021746698771495667  -0.001074411895547772  0.000257271221500743
9.492256107583067  0.0  -0.03509083424717116  -0.0  1.8465156171690578  0.0025116128764021742  0.0021949151865036237  -0.0010946556154130048  0.0
9.46299464991429  -0.7447540030505001  0.0349826603563665  -0.0027510289574271987  1.8465156171690578  0.0025116128764021742  0.0021949151865036237  -0.0010946556154130048  -0.00012943199738691042
-0.7545690337216264  9.587710789648563  0.0027188189840408497  -0.03451831772610568  1.8464941624175795  0.002476031383504277  -0.0010947864162443896  0.0021946597289719087  -0.00013264627633738398
0.0  9.617355782052327  0.0  -0.03465167612563195  1.8464941624175792  0.002476031383504277  -0.0010947864162443896  0.0021946597289719087  0.0
0.7545690337216315  9.587710789648566  -0.0027188189840408497  -0.03451831772610568  1.8464943144586161  0.002476282349116915  -0.0010745874281968208  0.0021745293102847477  0.0002589391551066315
1.5044859048928412  9.498952259083595  -0.00542075861999936  -0.03419877640823395  1.8464944500903697  0.002476506181227365  -0.001014374653503933  0.0021143846733111377  0.0005083665162144417
2.2451271169808757  9.351629529625374  -0.008089334661421704  -0.0336683750402916  1.846494406581668  0.0024764342131075546  -0.0009155712714722721  0.0020155853527232385  0.0007468562107204351
2.971926373701162  9.146650894259869  -0.010708039885428186  -0.03293040047851803  1.8464943457073149  0.0024763334994578816  -0.0007806681046329332  0.0018806925009335494  0.0009669473745557479
3.6804027160176114  8.885280114484882  -0.013260727259409437  -0.03198940076798965  1.8464942710454657  0.0024762099749508037  -0.0006129928853285263  0.0017130301097051507  0.0011632200838217663
4.366188151674116  8.56912862813565  -0.015731658999285317  -0.030851175905448593  1.846494183417973  0.0024760649994134067  -0.0004166775958402189  0.0015167298495740477  0.0013308405167475079
5.025054585407752  8.200145614257083  -0.018105601101219018  -0.02952274357154094  1.8464940851942058  0.002475902492882609  -0.00019655919077566842  0.0012966283103632381  0.0014656818382644135
5.652939886559311  7.780605975847063  -0.02036791741192861  -0.028012293585875273  1.8464939787595436  0.0024757264018599122  4.193953264348281e-5  0.0010581478734464074  0.0015644252164998594
6.245972933456912  7.313096314301792  -0.022504659946817194  -0.026329138092121732  1.846493866739914  0.0024755410708287295  0.00029294376589788465  0.0008071628950415037  0.0016246414518202726
6.800497480169134  6.800498982161277  -0.02450265485150499  -0.02448365402071746  1.8464937518926454  0.0024753510616618186  0.0005502715534200769  0.0005498548525945085  0.001644850574378611
7.313094698476615  6.245974312445963  -0.026349583637951812  -0.022487219153458332  1.8464936370462608  0.002475161054014814  0.0008075861481332665  0.00029256000203500447  0.001624558018007949
7.780604256084254  5.6529411341521305  -0.02803405914181907  -0.02035214198501013  1.8464935250286272  0.0024749757264548628  0.0010585520897135707  4.161331255974287e-5  0.001564266502060719
8.200143801120165  5.025055694033866  -0.02954569574065073  -0.018091585847293108  1.8464934185975377  0.0024747996416055124  0.0012969911590812301  -0.00019680747456881221  0.0014654633567656994
8.569126732792727  4.366189114625513  -0.030875173399434713  -0.015719487760903324  1.846493320373877  0.0024746371355795216  0.0015170343721733902  -0.00041683382724626197  0.0013305836323419396
8.885278148643707  3.6804035274839006  -0.03201429514850758  -0.013250472511543519  1.8464932327762638  0.0024744922098458386  0.0017132662834549184  -0.0006130507145013149  0.0011629499257679277
9.146648870077676  2.971927028796473  -0.03295603763625234  -0.010699762483048393  1.846493157960926  0.0024743684317575787  0.0018808580651875364  -0.0007806296756571628  0.000966690427903468
9.351627459695324  2.245127611762593  -0.03369459444705119  -0.008083083801275856  1.8464930977701126  0.0024742688492054503  0.0020156861110279456  -0.0009154474154946652  0.0007466372230331483
9.49895015634026  1.5044862364633185  -0.03422541191353582  -0.005416569369500986  1.8464930536860025  0.0024741959143639368  0.0021144332724135095  -0.0010141870339219748  0.0005082073510339355
9.58770866660616  0.7545692032530321  -0.03454521720367834  -0.002716659391879391  1.8464930267937878  0.0024741514226139716  0.0021746702646601654  -0.001074419427131013  0.00025726955751070564
9.617355764767158  0.0  -0.034652038508363944  -0.0  1.846493017755526  0.0024741364692875507  0.002194915266059672  -0.0010946628832457406  0.0
9.587708666606162  -0.7545692032530299  0.03454521720367834  -0.002716659391879391  1.846493017755526  0.0024741364692875507  0.002194915266059672  -0.0010946628832457406  -0.0001294311418280548
-0.7643839129469093  9.712420578656943  0.0026867427398758713  -0.03411153693095119  1.8464935197495373  0.002474854213575179  -0.0010947894049252959  0.0021946659222036933  -0.000132569402703787
0.0  9.742451273750621  0.0  -0.034242884059142616  1.8464935197495373  0.002474854213575179  -0.0010947894049252959  0.0021946659222036933  0.0
0.7643839129469143  9.712420578656948  -0.0026867427398758713  -0.03411153693095119  1.8464936796087603  0.0024751181565308483  -0.0010745878983824096  0.00217453116110865  0.00025890591971638283
1.5240551515672465  9.622507543511444  -0.005356799620888158  -0.03379575016383394  1.8464938138485358  0.002475339726573385  -0.0010143716526191363  0.0021143813703617216  0.0005083766913186684
2.274330079878939  9.473268550276266  -0.007993894894339226  -0.03327159317504545  1.8464937652646531  0.002475259356851867  -0.0009155651286589312  0.002015578901500183  0.0007468683858435616
3.010583006919888  9.265623705394809  -0.010581705450284088  -0.03254232458237108  1.8464937113136342  0.0024751700893827925  -0.0007806575236352373  0.0018806813050021949  0.0009669626098973468
3.7282746885117493  9.00085320930034  -0.013104278430869766  -0.03161241970898102  1.8464936431294254  0.002475057271234029  -0.0006129776792335121  0.00171301395221146  0.0011632362366053536
4.422980316750598  8.680589460011529  -0.015546062002623644  -0.030487615582762414  1.8464935633641408  0.0024749252909652313  -0.0004166577525801236  0.0015167086731063702  0.0013308560928449646
5.0904168004238395  8.306806990096861  -0.017892001741230488  -0.029174845496470835  1.846493473917464  0.0024747772918145  -0.0001965351640316862  0.0012966025216724765  0.0014656954109468746
5.726469171661784  7.881810292803925  -0.02012763422793868  -0.02768220258056938  1.8464933770002898  0.0024746169319594764  4.1966878261187176e-5  0.0010581183022315118  0.001564435561687479
6.327215956092948  7.408219614127275  -0.02223917590085004  -0.0260188887714154  1.8464932749971508  0.0024744481568728357  0.0002929732413140088  0.0008071307066767259  0.001624647668978434
6.888953350034957  6.888954798112755  -0.024213608122655154  -0.024195158331220743  1.8464931704204464  0.002474275123594786  0.0005503017612815938  0.0005498214325964842  0.0016448521714109775
7.408218055675837  6.327217285047621  -0.026038757441385663  -0.02222225462245801  1.8464930658455523  0.0024741020933615634  0.000807615619498823  0.0002925268195300719  0.0016245549564447431
7.8818086334554  5.7264703735150775  -0.027703370672257435  -0.020112340825837925  1.8464929638474783  0.002473933326800373  0.0010585794278479633  4.158177652340468e-5  0.001564259197808037
8.30680524000357  5.090417868005807  -0.029197184304804547  -0.017878424972739317  1.8464928669374472  0.0024737729789887026  0.0012970151760083256  -0.00019683615215216309  0.0014654526365038335
8.680587629944178  4.42298124373104  -0.030510987815522018  -0.015534279762126853  1.8464927775012994  0.0024736249975408206  0.0015170542049174952  -0.0004168587481289302  0.0013305706498516507
9.00085131057748  3.7282754694234557  -0.03163668049002333  -0.013094357655277314  1.8464926977414193  0.0024734930265240345  0.0017132814784482533  -0.0006130713793386259  0.0011629360464965623
9.265621749842293  3.010583637186707  -0.03256732140458972  -0.010573701769758576  1.846492629621106  0.002473380314407656  0.0018808686226610555  -0.0007806460294233058  0.0009666770930481708
9.473266549961162  2.2743305558087017  -0.03329717225568152  -0.007987853123813657  1.8464925748169816  0.0024732896353235416  0.002015692485052167  -0.0009154598487856238  0.0007466258064820746
9.622505511714149  1.5240554703448999  -0.03382173277041714  -0.005352754801865301  1.8464925346783176  0.00247322322176845  0.0021144363264678453  -0.0010141963400663856  0.000508199023276982
9.71241852729146  0.7643840761641594  -0.034137768480945505  -0.0026846536346272704  1.846492510193004  0.0024731827082989143  0.0021746711871706635  -0.001074426719456306  0.0002572651697622111
9.742451253063168  0.0  -0.03424333068649364  -0.0  1.8464925019636824  0.002473169092040553  0.0021949154540914137  -0.0010946694806761277  0.0
9.712418527291428  -0.7643840761641528  0.034137768480945505  -0.0026846536346272704  1.8464925019636826  0.002473169092040553  0.0021949154540914137  -0.0010946694806761277  -0.00012942889056772206
-0.7741983431213982  9.837124648178957  0.002656817362278369  -0.033732093454935864  1.8465139551896677  0.00250847636701409  -0.0010947991409096464  0.002194678392016548  -0.00013241450207453827
0.0  9.86754103387987  0.0  -0.033861494818963285  1.8465139551896679  0.00250847636701409  -0.0010947991409096464  0.002194678392016548  0.0
0.7741983431214012  9.837124648178971  -0.002656817362278369  -0.033732093454935864  1.8465140483977374  0.0025086300550236943  -0.00107459437981702  0.0021745479813991917  0.0002587838422125218
1.5436235019934768  9.746057167489697  -0.005297135007766522  -0.0334197147050214  1.8465141183605789  0.002508745337416784  -0.0010143773207422408  0.002114395837824975  0.0005083227101935284
2.303531705932828  9.594901996066008  -0.007904842288077694  -0.032901427123430936  1.8465140808747362  0.0025086833609869958  -0.000915577320044792  0.0020155907360508386  0.0007468460821461183
3.0492378703121013  9.384591063452639  -0.01046382871904303  -0.03218028174565936  1.8465140456023625  0.0025086249805413145  -0.0007806782826963732  0.0018807015737799535  0.0009669352979415904
3.776144468884994  9.116421005910961  -0.012958308663306193  -0.03126074080945008  1.8465139995678352  0.002508548788734641  -0.0006130075946663081  0.0017130431103183276  0.0011632075963951207
4.479769880729869  8.792045181205461  -0.015372903006656087  -0.03014846942547142  1.8465139459309208  0.0025084600140934015  -0.0004166967890424484  0.0015167466402166035  0.0013308290447887347
5.155776021168778  8.413463474236638  -0.017692725682696094  -0.028850323978723384  1.8465138857636068  0.002508360430987286  -0.00019658243528834925  0.0012966483720535389  0.0014656726703695297
5.799995087548944  7.983009967222404  -0.019903474224823484  -0.027374306080788304  1.8465138205732035  0.0025082525341690795  4.1913071975446175e-5  0.0010581703050630397  0.0015644194396400909
6.4084552551203515  7.503338549270216  -0.021991518307216597  -0.025729514177663292  1.8465137519636083  0.0025081389782588793  0.0002929152368180305  0.0008071865039787652  0.0016246398335576177
6.977405164657861  6.97740655426888  -0.023943983708858977  -0.023926087356798423  1.8465136816249066  0.0025080225605245473  0.0005502423056120812  0.000549878266645388  0.0016448534843137724
7.503337050835252  6.408456527935509  -0.02574883174994262  -0.021975142965396342  1.8465136112896723  0.002507906148555397  0.000807557601606803  0.00029258180160350263  0.001624565386490961
7.983008368761752  5.7999962364388695  -0.02739493356863341  -0.01988870813675005  1.8465135426898747  0.002507792608937486  0.0010585255968289832  4.163216865762067e-5  0.0015642778214821828
8.413461785345195  5.155777039851116  -0.02887213881162121  -0.01767964570015953  1.8465134775144632  0.002507684737050642  0.0012969678725491271  -0.0001967926690638943  0.0014654777253326704
8.792043412229017  4.479770763763124  -0.030171338301849714  -0.015361574918278042  1.8465134173679056  0.0025075851884480502  0.0015170151322528899  -0.00041682384610724533  0.001330599836397901
9.116419167891078  3.776145211657972  -0.03128452029469559  -0.012948787538027702  1.8465133637306694  0.002507496413446632  0.001713251535095797  -0.0006130459171777127  0.0011629665531247473
9.384589168026956  3.049238469016668  -0.03220481997020131  -0.010456159673833487  1.8465133179224917  0.00250742059633731  0.0018808478135618444  -0.0007806299651161076  0.0009667060013639414
9.594900055496504  2.3035321575802015  -0.03292656184888669  -0.007899060064111936  1.8465132810700298  0.002507359601841393  0.00201567991999711  -0.000915452239358366  0.0007466503414590803
9.74605519381557  1.5436238046637993  -0.0334452948684096  -0.005293255271020472  1.846513254079756  0.00250731493025547  0.0021144303064276476  -0.0010141954293056447  0.0005082168242065196
9.837122661347129  0.774198497875972  -0.03375781989593736  -0.0026548124079756583  1.8465132376154716  0.002507287680230493  0.0021746693704278483  -0.0010744301053854165  0.0002572745212195633
9.867540996905056  0.0  -0.033862209505806984  -0.0  1.8465132320819908  0.002507278521771131  0.0021949150859104797  -0.0010946743464961615  0.0
9.837122661347092  -0.7741984978759721  0.03375781989593736  -0.0026548124079756583  1.8465132320819908  0.002507278521771131  0.0021949150859104797  -0.0010946743464961615  -0.0001294336818848003
-0.7840122282098819  9.961822271805925  0.0026245013296302432  -0.03331275627756024  1.846527977128695  0.0025315549649261226  -0.0010948075604547182  0.002194688047492263  -0.00013229454637255324
0.0  9.992624295906843  0.0  -0.03344032192127342  1.846527977128695  0.0025315549649261226  -0.0010948075604547182  0.002194688047492263  0.0
0.7840122282098806  9.96182227180598  -0.0026245013296302432  -0.03331275627756024  1.8465280019142072  0.0025315954460157267  -0.00107460087276602  0.002174564281823612  0.00025867552900464254
1.5631908364599383  9.869600399986354  -0.005231224871133228  -0.033004275589572765  1.8465280137255897  0.0025316145545956443  -0.0010143847824937097  0.0021144122798488667  0.000508262400086382
2.332731813371826  9.716529150501358  -0.007806544217095514  -0.032492437061509324  1.8465279910535817  0.002531577121583262  -0.000915593344903343  0.0020156064758149817  0.0007468165446537431
3.0878907233542763  9.50355226749439  -0.01033371473888779  -0.03178027671190576  1.8465279683495788  0.0025315395237220394  -0.0007807058530861248  0.0018807289446057945  0.0009668983243010427
3.8240117595152188  9.231982824006327  -0.012797186246287614  -0.030872188952159072  1.8465279395439251  0.0025314918235147706  -0.000613047244993176  0.001713082451486011  0.0011631688091334152
4.5365564908031075  8.903495136140487  -0.015181771407845672  -0.029773769186228316  1.8465279057466073  0.0025314358575688864  -0.0004167485371423074  0.0015167979469029977  0.0013307922386285509
5.221131841958228  8.520114439921915  -0.01747276918178217  -0.028491786277456844  1.8465278679063326  0.002531373196707415  -0.00019664509403500365  0.0012967104398066954  0.0014656414796522885
5.873517178286378  8.084204405019632  -0.0196560549988475  -0.027034140987666936  1.8465278268895333  0.0025313052757657386  4.1841755146819724e-5  0.0010582408665119401  0.0015643969514638944
6.489690327287073  7.5984525619438985  -0.02171816753942045  -0.025409817040017567  1.8465277837259617  0.0025312337999226103  0.0002928383612980737  0.0008072624495782069  0.0016246282858297105
7.065852376678985  7.065853732511468  -0.023646391869844945  -0.023628826047152527  1.8465277394748703  0.002531160523231742  0.0005501635135274322  0.0005499559490445065  0.0016448540461969268
7.59845109595374  6.489691565764658  -0.02542883787951724  -0.02170214591180779  1.846527695227417  0.002531087252573367  0.0008074807223568461  0.0002926573914866738  0.0016245780436557162
8.08420283705154  5.87351829317434  -0.027054513701971487  -0.01964165329054739  1.8465276520730387  0.002531015791978854  0.0010584542730974014  4.170202871477867e-5  0.0015643013765527423
8.520112779134946  5.221132827945281  -0.028513393621051396  -0.017460050476570833  1.84652761107428  0.002530947900946779  0.0012969052044516827  -0.00019673162861256907  0.0014655099136190322
8.903493392645608  4.536557343448331  -0.029796480042113462  -0.015170787160488388  1.84652757324091  0.0025308852515818544  0.0015169633740794684  -0.0004167738648500004  0.0013306375458120002
9.231981008807034  3.8240124751821356  -0.030895859139361048  -0.012787977541116524  1.8465275395032377  0.002530829384407497  0.0017132118743248771  -0.0006130081643102907  0.0011630061270517097
9.503550392418152  3.0878912991522314  -0.03180474982095444  -0.010326313299162618  1.846527510691013  0.002530781673428393  0.001880820253848997  -0.0007806044232626648  0.0009667435952169848
9.716527228091344  2.3327322470995013  -0.03251754570682521  -0.007800972969367389  1.8465274875125792  0.0025307432916066934  0.002015663279845055  -0.0009154377040688883  0.0007466822982728852
9.869598442954397  1.5631911255645887  -0.03302984984520429  -0.0052275282733578975  1.846527470537366  0.0025307151818744606  0.0021144223341078815  -0.0010141896246613458  0.0005082400324771246
9.961820302173475  0.7840124112995713  -0.03333850195055498  -0.002621847995385195  1.8465274601825472  0.002530698035040387  0.0021746669641308372  -0.0010744299046788126  0.00025728671982168074
9.992624227386361  0.0  -0.033441597983587666  0.0  1.8465274567024292  0.0025306922722156677  0.002194914597702661  -0.001094676076550768  0.0
9.961820302173477  -0.7840124112995719  0.03333850195055498  -0.002621847995385195  1.8465274567024292  0.0025306922722156677  0.002194914597702661  -0.001094676076550768  -0.00012943993354579752
