 TITLE = "Dataset"
VARIABLES = "x" "y" "p"  ZONE T="Zone 1" 
I=401,J=41,K=1,ZONETYPE=Ordered 
DATAPACKING=POINT 
 0.005  0.005  -399.9999999999999
0.01  0.005  0.0
0.015  0.005  0.0
0.02  0.005  0.0
0.025  0.005  0.0
0.03  0.005  0.0
0.035  0.005  0.0
0.04  0.005  0.0
0.045  0.005  0.0
0.05  0.005  0.0
0.055  0.005  0.0
0.06  0.005  0.0
0.065  0.005  0.0
0.07  0.005  0.0
0.075  0.005  0.0
0.08  0.005  0.0
0.085  0.005  0.0
0.09  0.005  0.0
0.095  0.005  0.0
0.1  0.005  0.0
0.105  0.005  0.0
0.11  0.005  0.0
0.115  0.005  0.0
0.12  0.005  0.0
0.125  0.005  0.0
0.13  0.005  0.0
0.135  0.005  0.0
0.14  0.005  0.0
0.145  0.005  0.0
0.15  0.005  0.0
0.155  0.005  0.0
0.16  0.005  0.0
0.165  0.005  0.0
0.17  0.005  0.0
0.17500000000000002  0.005  0.0
0.18  0.005  0.0
0.185  0.005  0.0
0.19  0.005  0.0
0.195  0.005  0.0
0.2  0.005  0.0
0.20500000000000002  0.005  0.0
0.21  0.005  0.0
0.215  0.005  0.0
0.22  0.005  0.0
0.225  0.005  0.0
0.23  0.005  0.0
0.23500000000000001  0.005  0.0
0.24  0.005  0.0
0.245  0.005  0.0
0.25  0.005  0.0
0.255  0.005  0.0
0.26  0.005  0.0
0.265  0.005  0.0
0.27  0.005  0.0
0.275  0.005  0.0
0.28  0.005  0.0
0.28500000000000003  0.005  0.0
0.29  0.005  0.0
0.295  0.005  0.0
0.3  0.005  0.0
0.305  0.005  0.0
0.31  0.005  0.0
0.315  0.005  0.0
0.32  0.005  0.0
0.325  0.005  0.0
0.33  0.005  0.0
0.335  0.005  0.0
0.34  0.005  0.0
0.34500000000000003  0.005  0.0
0.35000000000000003  0.005  0.0
0.355  0.005  0.0
0.36  0.005  0.0
0.365  0.005  0.0
0.37  0.005  0.0
0.375  0.005  0.0
0.38  0.005  0.0
0.385  0.005  0.0
0.39  0.005  0.0
0.395  0.005  0.0
0.4  0.005  0.0
0.405  0.005  0.0
0.41000000000000003  0.005  0.0
0.41500000000000004  0.005  0.0
0.42  0.005  0.0
0.425  0.005  0.0
0.43  0.005  0.0
0.435  0.005  0.0
0.44  0.005  0.0
0.445  0.005  0.0
0.45  0.005  0.0
0.455  0.005  0.0
0.46  0.005  0.0
0.465  0.005  0.0
0.47000000000000003  0.005  0.0
0.47500000000000003  0.005  0.0
0.48  0.005  0.0
0.485  0.005  0.0
0.49  0.005  0.0
0.495  0.005  0.0
0.5  0.005  327.2727272727254
0.505  0.005  0.0
0.51  0.005  0.0
0.515  0.005  0.0
0.52  0.005  0.0
0.525  0.005  0.0
0.53  0.005  0.0
0.535  0.005  0.0
0.54  0.005  0.0
0.545  0.005  0.0
0.55  0.005  0.0
0.555  0.005  0.0
0.56  0.005  0.0
0.5650000000000001  0.005  0.0
0.5700000000000001  0.005  0.0
0.5750000000000001  0.005  0.0
0.58  0.005  0.0
0.585  0.005  0.0
0.59  0.005  0.0
0.595  0.005  0.0
0.6  0.005  0.0
0.605  0.005  0.0
0.61  0.005  0.0
0.615  0.005  0.0
0.62  0.005  0.0
0.625  0.005  0.0
0.63  0.005  0.0
0.635  0.005  0.0
0.64  0.005  0.0
0.645  0.005  0.0
0.65  0.005  0.0
0.655  0.005  0.0
0.66  0.005  0.0
0.665  0.005  0.0
0.67  0.005  0.0
0.675  0.005  0.0
0.68  0.005  0.0
0.685  0.005  0.0
0.6900000000000001  0.005  0.0
0.6950000000000001  0.005  0.0
0.7000000000000001  0.005  0.0
0.705  0.005  0.0
0.71  0.005  0.0
0.715  0.005  0.0
0.72  0.005  0.0
0.725  0.005  0.0
0.73  0.005  0.0
0.735  0.005  0.0
0.74  0.005  0.0
0.745  0.005  0.0
0.75  0.005  0.0
0.755  0.005  0.0
0.76  0.005  0.0
0.765  0.005  0.0
0.77  0.005  0.0
0.775  0.005  0.0
0.78  0.005  0.0
0.785  0.005  0.0
0.79  0.005  0.0
0.795  0.005  0.0
0.8  0.005  0.0
0.805  0.005  0.0
0.81  0.005  0.0
0.8150000000000001  0.005  0.0
0.8200000000000001  0.005  0.0
0.8250000000000001  0.005  0.0
0.8300000000000001  0.005  0.0
0.835  0.005  0.0
0.84  0.005  0.0
0.845  0.005  0.0
0.85  0.005  0.0
0.855  0.005  0.0
0.86  0.005  0.0
0.865  0.005  0.0
0.87  0.005  0.0
0.875  0.005  0.0
0.88  0.005  0.0
0.885  0.005  0.0
0.89  0.005  0.0
0.895  0.005  0.0
0.9  0.005  0.0
0.905  0.005  0.0
0.91  0.005  0.0
0.915  0.005  0.0
0.92  0.005  0.0
0.925  0.005  0.0
0.93  0.005  0.0
0.935  0.005  0.0
0.9400000000000001  0.005  0.0
0.9450000000000001  0.005  0.0
0.9500000000000001  0.005  0.0
0.9550000000000001  0.005  0.0
0.96  0.005  0.0
0.965  0.005  0.0
0.97  0.005  0.0
0.975  0.005  0.0
0.98  0.005  0.0
0.985  0.005  0.0
0.99  0.005  0.0
0.995  0.005  0.0
1.0  0.005  0.0
1.0050000000000001  0.005  399.99999999993065
0.005  0.01  -399.99999999999966
0.01  0.01  0.0
0.015  0.01  0.0
0.02  0.01  0.0
0.025  0.01  0.0
0.03  0.01  0.0
0.035  0.01  0.0
0.04  0.01  0.0
0.045  0.01  0.0
0.05  0.01  0.0
0.055  0.01  0.0
0.06  0.01  0.0
0.065  0.01  0.0
0.07  0.01  0.0
0.075  0.01  0.0
0.08  0.01  0.0
0.085  0.01  0.0
0.09  0.01  0.0
0.095  0.01  0.0
0.1  0.01  0.0
0.105  0.01  0.0
0.11  0.01  0.0
0.115  0.01  0.0
0.12  0.01  0.0
0.125  0.01  0.0
0.13  0.01  0.0
0.135  0.01  0.0
0.14  0.01  0.0
0.145  0.01  0.0
0.15  0.01  0.0
0.155  0.01  0.0
0.16  0.01  0.0
0.165  0.01  0.0
0.17  0.01  0.0
0.17500000000000002  0.01  0.0
0.18  0.01  0.0
0.185  0.01  0.0
0.19  0.01  0.0
0.195  0.01  0.0
0.2  0.01  0.0
0.20500000000000002  0.01  0.0
0.21  0.01  0.0
0.215  0.01  0.0
0.22  0.01  0.0
0.225  0.01  0.0
0.23  0.01  0.0
0.23500000000000001  0.01  0.0
0.24  0.01  0.0
0.245  0.01  0.0
0.25  0.01  0.0
0.255  0.01  0.0
0.26  0.01  0.0
0.265  0.01  0.0
0.27  0.01  0.0
0.275  0.01  0.0
0.28  0.01  0.0
0.28500000000000003  0.01  0.0
0.29  0.01  0.0
0.295  0.01  0.0
0.3  0.01  0.0
0.305  0.01  0.0
0.31  0.01  0.0
0.315  0.01  0.0
0.32  0.01  0.0
0.325  0.01  0.0
0.33  0.01  0.0
0.335  0.01  0.0
0.34  0.01  0.0
0.34500000000000003  0.01  0.0
0.35000000000000003  0.01  0.0
0.355  0.01  0.0
0.36  0.01  0.0
0.365  0.01  0.0
0.37  0.01  0.0
0.375  0.01  0.0
0.38  0.01  0.0
0.385  0.01  0.0
0.39  0.01  0.0
0.395  0.01  0.0
0.4  0.01  0.0
0.405  0.01  0.0
0.41000000000000003  0.01  0.0
0.41500000000000004  0.01  0.0
0.42  0.01  0.0
0.425  0.01  0.0
0.43  0.01  0.0
0.435  0.01  0.0
0.44  0.01  0.0
0.445  0.01  0.0
0.45  0.01  0.0
0.455  0.01  0.0
0.46  0.01  0.0
0.465  0.01  0.0
0.47000000000000003  0.01  0.0
0.47500000000000003  0.01  0.0
0.48  0.01  0.0
0.485  0.01  0.0
0.49  0.01  0.0
0.495  0.01  0.0
0.5  0.01  327.27272727272646
0.505  0.01  0.0
0.51  0.01  0.0
0.515  0.01  0.0
0.52  0.01  0.0
0.525  0.01  0.0
0.53  0.01  0.0
0.535  0.01  0.0
0.54  0.01  0.0
0.545  0.01  0.0
0.55  0.01  0.0
0.555  0.01  0.0
0.56  0.01  0.0
0.5650000000000001  0.01  0.0
0.5700000000000001  0.01  0.0
0.5750000000000001  0.01  0.0
0.58  0.01  0.0
0.585  0.01  0.0
0.59  0.01  0.0
0.595  0.01  0.0
0.6  0.01  0.0
0.605  0.01  0.0
0.61  0.01  0.0
0.615  0.01  0.0
0.62  0.01  0.0
0.625  0.01  0.0
0.63  0.01  0.0
0.635  0.01  0.0
0.64  0.01  0.0
0.645  0.01  0.0
0.65  0.01  0.0
0.655  0.01  0.0
0.66  0.01  0.0
0.665  0.01  0.0
0.67  0.01  0.0
0.675  0.01  0.0
0.68  0.01  0.0
0.685  0.01  0.0
0.6900000000000001  0.01  0.0
0.6950000000000001  0.01  0.0
0.7000000000000001  0.01  0.0
0.705  0.01  0.0
0.71  0.01  0.0
0.715  0.01  0.0
0.72  0.01  0.0
0.725  0.01  0.0
0.73  0.01  0.0
0.735  0.01  0.0
0.74  0.01  0.0
0.745  0.01  0.0
0.75  0.01  0.0
0.755  0.01  0.0
0.76  0.01  0.0
0.765  0.01  0.0
0.77  0.01  0.0
0.775  0.01  0.0
0.78  0.01  0.0
0.785  0.01  0.0
0.79  0.01  0.0
0.795  0.01  0.0
0.8  0.01  0.0
0.805  0.01  0.0
0.81  0.01  0.0
0.8150000000000001  0.01  0.0
0.8200000000000001  0.01  0.0
0.8250000000000001  0.01  0.0
0.8300000000000001  0.01  0.0
0.835  0.01  0.0
0.84  0.01  0.0
0.845  0.01  0.0
0.85  0.01  0.0
0.855  0.01  0.0
0.86  0.01  0.0
0.865  0.01  0.0
0.87  0.01  0.0
0.875  0.01  0.0
0.88  0.01  0.0
0.885  0.01  0.0
0.89  0.01  0.0
0.895  0.01  0.0
0.9  0.01  0.0
0.905  0.01  0.0
0.91  0.01  0.0
0.915  0.01  0.0
0.92  0.01  0.0
0.925  0.01  0.0
0.93  0.01  0.0
0.935  0.01  0.0
0.9400000000000001  0.01  0.0
0.9450000000000001  0.01  0.0
0.9500000000000001  0.01  0.0
0.9550000000000001  0.01  0.0
0.96  0.01  0.0
0.965  0.01  0.0
0.97  0.01  0.0
0.975  0.01  0.0
0.98  0.01  0.0
0.985  0.01  0.0
0.99  0.01  0.0
0.995  0.01  0.0
1.0  0.01  0.0
1.0050000000000001  0.01  399.9999999999781
0.005  0.015  -399.99999999999983
0.01  0.015  0.0
0.015  0.015  0.0
0.02  0.015  0.0
0.025  0.015  0.0
0.03  0.015  0.0
0.035  0.015  0.0
0.04  0.015  0.0
0.045  0.015  0.0
0.05  0.015  0.0
0.055  0.015  0.0
0.06  0.015  0.0
0.065  0.015  0.0
0.07  0.015  0.0
0.075  0.015  0.0
0.08  0.015  0.0
0.085  0.015  0.0
0.09  0.015  0.0
0.095  0.015  0.0
0.1  0.015  0.0
0.105  0.015  0.0
0.11  0.015  0.0
0.115  0.015  0.0
0.12  0.015  0.0
0.125  0.015  0.0
0.13  0.015  0.0
0.135  0.015  0.0
0.14  0.015  0.0
0.145  0.015  0.0
0.15  0.015  0.0
0.155  0.015  0.0
0.16  0.015  0.0
0.165  0.015  0.0
0.17  0.015  0.0
0.17500000000000002  0.015  0.0
0.18  0.015  0.0
0.185  0.015  0.0
0.19  0.015  0.0
0.195  0.015  0.0
0.2  0.015  0.0
0.20500000000000002  0.015  0.0
0.21  0.015  0.0
0.215  0.015  0.0
0.22  0.015  0.0
0.225  0.015  0.0
0.23  0.015  0.0
0.23500000000000001  0.015  0.0
0.24  0.015  0.0
0.245  0.015  0.0
0.25  0.015  0.0
0.255  0.015  0.0
0.26  0.015  0.0
0.265  0.015  0.0
0.27  0.015  0.0
0.275  0.015  0.0
0.28  0.015  0.0
0.28500000000000003  0.015  0.0
0.29  0.015  0.0
0.295  0.015  0.0
0.3  0.015  0.0
0.305  0.015  0.0
0.31  0.015  0.0
0.315  0.015  0.0
0.32  0.015  0.0
0.325  0.015  0.0
0.33  0.015  0.0
0.335  0.015  0.0
0.34  0.015  0.0
0.34500000000000003  0.015  0.0
0.35000000000000003  0.015  0.0
0.355  0.015  0.0
0.36  0.015  0.0
0.365  0.015  0.0
0.37  0.015  0.0
0.375  0.015  0.0
0.38  0.015  0.0
0.385  0.015  0.0
0.39  0.015  0.0
0.395  0.015  0.0
0.4  0.015  0.0
0.405  0.015  0.0
0.41000000000000003  0.015  0.0
0.41500000000000004  0.015  0.0
0.42  0.015  0.0
0.425  0.015  0.0
0.43  0.015  0.0
0.435  0.015  0.0
0.44  0.015  0.0
0.445  0.015  0.0
0.45  0.015  0.0
0.455  0.015  0.0
0.46  0.015  0.0
0.465  0.015  0.0
0.47000000000000003  0.015  0.0
0.47500000000000003  0.015  0.0
0.48  0.015  0.0
0.485  0.015  0.0
0.49  0.015  0.0
0.495  0.015  0.0
0.5  0.015  327.27272727274146
0.505  0.015  0.0
0.51  0.015  0.0
0.515  0.015  0.0
0.52  0.015  0.0
0.525  0.015  0.0
0.53  0.015  0.0
0.535  0.015  0.0
0.54  0.015  0.0
0.545  0.015  0.0
0.55  0.015  0.0
0.555  0.015  0.0
0.56  0.015  0.0
0.5650000000000001  0.015  0.0
0.5700000000000001  0.015  0.0
0.5750000000000001  0.015  0.0
0.58  0.015  0.0
0.585  0.015  0.0
0.59  0.015  0.0
0.595  0.015  0.0
0.6  0.015  0.0
0.605  0.015  0.0
0.61  0.015  0.0
0.615  0.015  0.0
0.62  0.015  0.0
0.625  0.015  0.0
0.63  0.015  0.0
0.635  0.015  0.0
0.64  0.015  0.0
0.645  0.015  0.0
0.65  0.015  0.0
0.655  0.015  0.0
0.66  0.015  0.0
0.665  0.015  0.0
0.67  0.015  0.0
0.675  0.015  0.0
0.68  0.015  0.0
0.685  0.015  0.0
0.6900000000000001  0.015  0.0
0.6950000000000001  0.015  0.0
0.7000000000000001  0.015  0.0
0.705  0.015  0.0
0.71  0.015  0.0
0.715  0.015  0.0
0.72  0.015  0.0
0.725  0.015  0.0
0.73  0.015  0.0
0.735  0.015  0.0
0.74  0.015  0.0
0.745  0.015  0.0
0.75  0.015  0.0
0.755  0.015  0.0
0.76  0.015  0.0
0.765  0.015  0.0
0.77  0.015  0.0
0.775  0.015  0.0
0.78  0.015  0.0
0.785  0.015  0.0
0.79  0.015  0.0
0.795  0.015  0.0
0.8  0.015  0.0
0.805  0.015  0.0
0.81  0.015  0.0
0.8150000000000001  0.015  0.0
0.8200000000000001  0.015  0.0
0.8250000000000001  0.015  0.0
0.8300000000000001  0.015  0.0
0.835  0.015  0.0
0.84  0.015  0.0
0.845  0.015  0.0
0.85  0.015  0.0
0.855  0.015  0.0
0.86  0.015  0.0
0.865  0.015  0.0
0.87  0.015  0.0
0.875  0.015  0.0
0.88  0.015  0.0
0.885  0.015  0.0
0.89  0.015  0.0
0.895  0.015  0.0
0.9  0.015  0.0
0.905  0.015  0.0
0.91  0.015  0.0
0.915  0.015  0.0
0.92  0.015  0.0
0.925  0.015  0.0
0.93  0.015  0.0
0.935  0.015  0.0
0.9400000000000001  0.015  0.0
0.9450000000000001  0.015  0.0
0.9500000000000001  0.015  0.0
0.9550000000000001  0.015  0.0
0.96  0.015  0.0
0.965  0.015  0.0
0.97  0.015  0.0
0.975  0.015  0.0
0.98  0.015  0.0
0.985  0.015  0.0
0.99  0.015  0.0
0.995  0.015  0.0
1.0  0.015  0.0
1.0050000000000001  0.015  400.0000000000394
0.005  0.02  -399.99999999999966
0.01  0.02  0.0
0.015  0.02  0.0
0.02  0.02  0.0
0.025  0.02  0.0
0.03  0.02  0.0
0.035  0.02  0.0
0.04  0.02  0.0
0.045  0.02  0.0
0.05  0.02  0.0
0.055  0.02  0.0
0.06  0.02  0.0
0.065  0.02  0.0
0.07  0.02  0.0
0.075  0.02  0.0
0.08  0.02  0.0
0.085  0.02  0.0
0.09  0.02  0.0
0.095  0.02  0.0
0.1  0.02  0.0
0.105  0.02  0.0
0.11  0.02  0.0
0.115  0.02  0.0
0.12  0.02  0.0
0.125  0.02  0.0
0.13  0.02  0.0
0.135  0.02  0.0
0.14  0.02  0.0
0.145  0.02  0.0
0.15  0.02  0.0
0.155  0.02  0.0
0.16  0.02  0.0
0.165  0.02  0.0
0.17  0.02  0.0
0.17500000000000002  0.02  0.0
0.18  0.02  0.0
0.185  0.02  0.0
0.19  0.02  0.0
0.195  0.02  0.0
0.2  0.02  0.0
0.20500000000000002  0.02  0.0
0.21  0.02  0.0
0.215  0.02  0.0
0.22  0.02  0.0
0.225  0.02  0.0
0.23  0.02  0.0
0.23500000000000001  0.02  0.0
0.24  0.02  0.0
0.245  0.02  0.0
0.25  0.02  0.0
0.255  0.02  0.0
0.26  0.02  0.0
0.265  0.02  0.0
0.27  0.02  0.0
0.275  0.02  0.0
0.28  0.02  0.0
0.28500000000000003  0.02  0.0
0.29  0.02  0.0
0.295  0.02  0.0
0.3  0.02  0.0
0.305  0.02  0.0
0.31  0.02  0.0
0.315  0.02  0.0
0.32  0.02  0.0
0.325  0.02  0.0
0.33  0.02  0.0
0.335  0.02  0.0
0.34  0.02  0.0
0.34500000000000003  0.02  0.0
0.35000000000000003  0.02  0.0
0.355  0.02  0.0
0.36  0.02  0.0
0.365  0.02  0.0
0.37  0.02  0.0
0.375  0.02  0.0
0.38  0.02  0.0
0.385  0.02  0.0
0.39  0.02  0.0
0.395  0.02  0.0
0.4  0.02  0.0
0.405  0.02  0.0
0.41000000000000003  0.02  0.0
0.41500000000000004  0.02  0.0
0.42  0.02  0.0
0.425  0.02  0.0
0.43  0.02  0.0
0.435  0.02  0.0
0.44  0.02  0.0
0.445  0.02  0.0
0.45  0.02  0.0
0.455  0.02  0.0
0.46  0.02  0.0
0.465  0.02  0.0
0.47000000000000003  0.02  0.0
0.47500000000000003  0.02  0.0
0.48  0.02  0.0
0.485  0.02  0.0
0.49  0.02  0.0
0.495  0.02  0.0
0.5  0.02  327.2727272727393
0.505  0.02  0.0
0.51  0.02  0.0
0.515  0.02  0.0
0.52  0.02  0.0
0.525  0.02  0.0
0.53  0.02  0.0
0.535  0.02  0.0
0.54  0.02  0.0
0.545  0.02  0.0
0.55  0.02  0.0
0.555  0.02  0.0
0.56  0.02  0.0
0.5650000000000001  0.02  0.0
0.5700000000000001  0.02  0.0
0.5750000000000001  0.02  0.0
0.58  0.02  0.0
0.585  0.02  0.0
0.59  0.02  0.0
0.595  0.02  0.0
0.6  0.02  0.0
0.605  0.02  0.0
0.61  0.02  0.0
0.615  0.02  0.0
0.62  0.02  0.0
0.625  0.02  0.0
0.63  0.02  0.0
0.635  0.02  0.0
0.64  0.02  0.0
0.645  0.02  0.0
0.65  0.02  0.0
0.655  0.02  0.0
0.66  0.02  0.0
0.665  0.02  0.0
0.67  0.02  0.0
0.675  0.02  0.0
0.68  0.02  0.0
0.685  0.02  0.0
0.6900000000000001  0.02  0.0
0.6950000000000001  0.02  0.0
0.7000000000000001  0.02  0.0
0.705  0.02  0.0
0.71  0.02  0.0
0.715  0.02  0.0
0.72  0.02  0.0
0.725  0.02  0.0
0.73  0.02  0.0
0.735  0.02  0.0
0.74  0.02  0.0
0.745  0.02  0.0
0.75  0.02  0.0
0.755  0.02  0.0
0.76  0.02  0.0
0.765  0.02  0.0
0.77  0.02  0.0
0.775  0.02  0.0
0.78  0.02  0.0
0.785  0.02  0.0
0.79  0.02  0.0
0.795  0.02  0.0
0.8  0.02  0.0
0.805  0.02  0.0
0.81  0.02  0.0
0.8150000000000001  0.02  0.0
0.8200000000000001  0.02  0.0
0.8250000000000001  0.02  0.0
0.8300000000000001  0.02  0.0
0.835  0.02  0.0
0.84  0.02  0.0
0.845  0.02  0.0
0.85  0.02  0.0
0.855  0.02  0.0
0.86  0.02  0.0
0.865  0.02  0.0
0.87  0.02  0.0
0.875  0.02  0.0
0.88  0.02  0.0
0.885  0.02  0.0
0.89  0.02  0.0
0.895  0.02  0.0
0.9  0.02  0.0
0.905  0.02  0.0
0.91  0.02  0.0
0.915  0.02  0.0
0.92  0.02  0.0
0.925  0.02  0.0
0.93  0.02  0.0
0.935  0.02  0.0
0.9400000000000001  0.02  0.0
0.9450000000000001  0.02  0.0
0.9500000000000001  0.02  0.0
0.9550000000000001  0.02  0.0
0.96  0.02  0.0
0.965  0.02  0.0
0.97  0.02  0.0
0.975  0.02  0.0
0.98  0.02  0.0
0.985  0.02  0.0
0.99  0.02  0.0
0.995  0.02  0.0
1.0  0.02  0.0
1.0050000000000001  0.02  399.9999999999331
0.005  0.025  -399.999999999999
0.01  0.025  0.0
0.015  0.025  0.0
0.02  0.025  0.0
0.025  0.025  0.0
0.03  0.025  0.0
0.035  0.025  0.0
0.04  0.025  0.0
0.045  0.025  0.0
0.05  0.025  0.0
0.055  0.025  0.0
0.06  0.025  0.0
0.065  0.025  0.0
0.07  0.025  0.0
0.075  0.025  0.0
0.08  0.025  0.0
0.085  0.025  0.0
0.09  0.025  0.0
0.095  0.025  0.0
0.1  0.025  0.0
0.105  0.025  0.0
0.11  0.025  0.0
0.115  0.025  0.0
0.12  0.025  0.0
0.125  0.025  0.0
0.13  0.025  0.0
0.135  0.025  0.0
0.14  0.025  0.0
0.145  0.025  0.0
0.15  0.025  0.0
0.155  0.025  0.0
0.16  0.025  0.0
0.165  0.025  0.0
0.17  0.025  0.0
0.17500000000000002  0.025  0.0
0.18  0.025  0.0
0.185  0.025  0.0
0.19  0.025  0.0
0.195  0.025  0.0
0.2  0.025  0.0
0.20500000000000002  0.025  0.0
0.21  0.025  0.0
0.215  0.025  0.0
0.22  0.025  0.0
0.225  0.025  0.0
0.23  0.025  0.0
0.23500000000000001  0.025  0.0
0.24  0.025  0.0
0.245  0.025  0.0
0.25  0.025  0.0
0.255  0.025  0.0
0.26  0.025  0.0
0.265  0.025  0.0
0.27  0.025  0.0
0.275  0.025  0.0
0.28  0.025  0.0
0.28500000000000003  0.025  0.0
0.29  0.025  0.0
0.295  0.025  0.0
0.3  0.025  0.0
0.305  0.025  0.0
0.31  0.025  0.0
0.315  0.025  0.0
0.32  0.025  0.0
0.325  0.025  0.0
0.33  0.025  0.0
0.335  0.025  0.0
0.34  0.025  0.0
0.34500000000000003  0.025  0.0
0.35000000000000003  0.025  0.0
0.355  0.025  0.0
0.36  0.025  0.0
0.365  0.025  0.0
0.37  0.025  0.0
0.375  0.025  0.0
0.38  0.025  0.0
0.385  0.025  0.0
0.39  0.025  0.0
0.395  0.025  0.0
0.4  0.025  0.0
0.405  0.025  0.0
0.41000000000000003  0.025  0.0
0.41500000000000004  0.025  0.0
0.42  0.025  0.0
0.425  0.025  0.0
0.43  0.025  0.0
0.435  0.025  0.0
0.44  0.025  0.0
0.445  0.025  0.0
0.45  0.025  0.0
0.455  0.025  0.0
0.46  0.025  0.0
0.465  0.025  0.0
0.47000000000000003  0.025  0.0
0.47500000000000003  0.025  0.0
0.48  0.025  0.0
0.485  0.025  0.0
0.49  0.025  0.0
0.495  0.025  0.0
0.5  0.025  327.2727272727291
0.505  0.025  0.0
0.51  0.025  0.0
0.515  0.025  0.0
0.52  0.025  0.0
0.525  0.025  0.0
0.53  0.025  0.0
0.535  0.025  0.0
0.54  0.025  0.0
0.545  0.025  0.0
0.55  0.025  0.0
0.555  0.025  0.0
0.56  0.025  0.0
0.5650000000000001  0.025  0.0
0.5700000000000001  0.025  0.0
0.5750000000000001  0.025  0.0
0.58  0.025  0.0
0.585  0.025  0.0
0.59  0.025  0.0
0.595  0.025  0.0
0.6  0.025  0.0
0.605  0.025  0.0
0.61  0.025  0.0
0.615  0.025  0.0
0.62  0.025  0.0
0.625  0.025  0.0
0.63  0.025  0.0
0.635  0.025  0.0
0.64  0.025  0.0
0.645  0.025  0.0
0.65  0.025  0.0
0.655  0.025  0.0
0.66  0.025  0.0
0.665  0.025  0.0
0.67  0.025  0.0
0.675  0.025  0.0
0.68  0.025  0.0
0.685  0.025  0.0
0.6900000000000001  0.025  0.0
0.6950000000000001  0.025  0.0
0.7000000000000001  0.025  0.0
0.705  0.025  0.0
0.71  0.025  0.0
0.715  0.025  0.0
0.72  0.025  0.0
0.725  0.025  0.0
0.73  0.025  0.0
0.735  0.025  0.0
0.74  0.025  0.0
0.745  0.025  0.0
0.75  0.025  0.0
0.755  0.025  0.0
0.76  0.025  0.0
0.765  0.025  0.0
0.77  0.025  0.0
0.775  0.025  0.0
0.78  0.025  0.0
0.785  0.025  0.0
0.79  0.025  0.0
0.795  0.025  0.0
0.8  0.025  0.0
0.805  0.025  0.0
0.81  0.025  0.0
0.8150000000000001  0.025  0.0
0.8200000000000001  0.025  0.0
0.8250000000000001  0.025  0.0
0.8300000000000001  0.025  0.0
0.835  0.025  0.0
0.84  0.025  0.0
0.845  0.025  0.0
0.85  0.025  0.0
0.855  0.025  0.0
0.86  0.025  0.0
0.865  0.025  0.0
0.87  0.025  0.0
0.875  0.025  0.0
0.88  0.025  0.0
0.885  0.025  0.0
0.89  0.025  0.0
0.895  0.025  0.0
0.9  0.025  0.0
0.905  0.025  0.0
0.91  0.025  0.0
0.915  0.025  0.0
0.92  0.025  0.0
0.925  0.025  0.0
0.93  0.025  0.0
0.935  0.025  0.0
0.9400000000000001  0.025  0.0
0.9450000000000001  0.025  0.0
0.9500000000000001  0.025  0.0
0.9550000000000001  0.025  0.0
0.96  0.025  0.0
0.965  0.025  0.0
0.97  0.025  0.0
0.975  0.025  0.0
0.98  0.025  0.0
0.985  0.025  0.0
0.99  0.025  0.0
0.995  0.025  0.0
1.0  0.025  0.0
1.0050000000000001  0.025  399.9999999999145
0.005  0.03  -399.99999999999943
0.01  0.03  0.0
0.015  0.03  0.0
0.02  0.03  0.0
0.025  0.03  0.0
0.03  0.03  0.0
0.035  0.03  0.0
0.04  0.03  0.0
0.045  0.03  0.0
0.05  0.03  0.0
0.055  0.03  0.0
0.06  0.03  0.0
0.065  0.03  0.0
0.07  0.03  0.0
0.075  0.03  0.0
0.08  0.03  0.0
0.085  0.03  0.0
0.09  0.03  0.0
0.095  0.03  0.0
0.1  0.03  0.0
0.105  0.03  0.0
0.11  0.03  0.0
0.115  0.03  0.0
0.12  0.03  0.0
0.125  0.03  0.0
0.13  0.03  0.0
0.135  0.03  0.0
0.14  0.03  0.0
0.145  0.03  0.0
0.15  0.03  0.0
0.155  0.03  0.0
0.16  0.03  0.0
0.165  0.03  0.0
0.17  0.03  0.0
0.17500000000000002  0.03  0.0
0.18  0.03  0.0
0.185  0.03  0.0
0.19  0.03  0.0
0.195  0.03  0.0
0.2  0.03  0.0
0.20500000000000002  0.03  0.0
0.21  0.03  0.0
0.215  0.03  0.0
0.22  0.03  0.0
0.225  0.03  0.0
0.23  0.03  0.0
0.23500000000000001  0.03  0.0
0.24  0.03  0.0
0.245  0.03  0.0
0.25  0.03  0.0
0.255  0.03  0.0
0.26  0.03  0.0
0.265  0.03  0.0
0.27  0.03  0.0
0.275  0.03  0.0
0.28  0.03  0.0
0.28500000000000003  0.03  0.0
0.29  0.03  0.0
0.295  0.03  0.0
0.3  0.03  0.0
0.305  0.03  0.0
0.31  0.03  0.0
0.315  0.03  0.0
0.32  0.03  0.0
0.325  0.03  0.0
0.33  0.03  0.0
0.335  0.03  0.0
0.34  0.03  0.0
0.34500000000000003  0.03  0.0
0.35000000000000003  0.03  0.0
0.355  0.03  0.0
0.36  0.03  0.0
0.365  0.03  0.0
0.37  0.03  0.0
0.375  0.03  0.0
0.38  0.03  0.0
0.385  0.03  0.0
0.39  0.03  0.0
0.395  0.03  0.0
0.4  0.03  0.0
0.405  0.03  0.0
0.41000000000000003  0.03  0.0
0.41500000000000004  0.03  0.0
0.42  0.03  0.0
0.425  0.03  0.0
0.43  0.03  0.0
0.435  0.03  0.0
0.44  0.03  0.0
0.445  0.03  0.0
0.45  0.03  0.0
0.455  0.03  0.0
0.46  0.03  0.0
0.465  0.03  0.0
0.47000000000000003  0.03  0.0
0.47500000000000003  0.03  0.0
0.48  0.03  0.0
0.485  0.03  0.0
0.49  0.03  0.0
0.495  0.03  0.0
0.5  0.03  327.27272727273544
0.505  0.03  0.0
0.51  0.03  0.0
0.515  0.03  0.0
0.52  0.03  0.0
0.525  0.03  0.0
0.53  0.03  0.0
0.535  0.03  0.0
0.54  0.03  0.0
0.545  0.03  0.0
0.55  0.03  0.0
0.555  0.03  0.0
0.56  0.03  0.0
0.5650000000000001  0.03  0.0
0.5700000000000001  0.03  0.0
0.5750000000000001  0.03  0.0
0.58  0.03  0.0
0.585  0.03  0.0
0.59  0.03  0.0
0.595  0.03  0.0
0.6  0.03  0.0
0.605  0.03  0.0
0.61  0.03  0.0
0.615  0.03  0.0
0.62  0.03  0.0
0.625  0.03  0.0
0.63  0.03  0.0
0.635  0.03  0.0
0.64  0.03  0.0
0.645  0.03  0.0
0.65  0.03  0.0
0.655  0.03  0.0
0.66  0.03  0.0
0.665  0.03  0.0
0.67  0.03  0.0
0.675  0.03  0.0
0.68  0.03  0.0
0.685  0.03  0.0
0.6900000000000001  0.03  0.0
0.6950000000000001  0.03  0.0
0.7000000000000001  0.03  0.0
0.705  0.03  0.0
0.71  0.03  0.0
0.715  0.03  0.0
0.72  0.03  0.0
0.725  0.03  0.0
0.73  0.03  0.0
0.735  0.03  0.0
0.74  0.03  0.0
0.745  0.03  0.0
0.75  0.03  0.0
0.755  0.03  0.0
0.76  0.03  0.0
0.765  0.03  0.0
0.77  0.03  0.0
0.775  0.03  0.0
0.78  0.03  0.0
0.785  0.03  0.0
0.79  0.03  0.0
0.795  0.03  0.0
0.8  0.03  0.0
0.805  0.03  0.0
0.81  0.03  0.0
0.8150000000000001  0.03  0.0
0.8200000000000001  0.03  0.0
0.8250000000000001  0.03  0.0
0.8300000000000001  0.03  0.0
0.835  0.03  0.0
0.84  0.03  0.0
0.845  0.03  0.0
0.85  0.03  0.0
0.855  0.03  0.0
0.86  0.03  0.0
0.865  0.03  0.0
0.87  0.03  0.0
0.875  0.03  0.0
0.88  0.03  0.0
0.885  0.03  0.0
0.89  0.03  0.0
0.895  0.03  0.0
0.9  0.03  0.0
0.905  0.03  0.0
0.91  0.03  0.0
0.915  0.03  0.0
0.92  0.03  0.0
0.925  0.03  0.0
0.93  0.03  0.0
0.935  0.03  0.0
0.9400000000000001  0.03  0.0
0.9450000000000001  0.03  0.0
0.9500000000000001  0.03  0.0
0.9550000000000001  0.03  0.0
0.96  0.03  0.0
0.965  0.03  0.0
0.97  0.03  0.0
0.975  0.03  0.0
0.98  0.03  0.0
0.985  0.03  0.0
0.99  0.03  0.0
0.995  0.03  0.0
1.0  0.03  0.0
1.0050000000000001  0.03  400.0000000000349
0.005  0.035  -400.00000000000017
0.01  0.035  0.0
0.015  0.035  0.0
0.02  0.035  0.0
0.025  0.035  0.0
0.03  0.035  0.0
0.035  0.035  0.0
0.04  0.035  0.0
0.045  0.035  0.0
0.05  0.035  0.0
0.055  0.035  0.0
0.06  0.035  0.0
0.065  0.035  0.0
0.07  0.035  0.0
0.075  0.035  0.0
0.08  0.035  0.0
0.085  0.035  0.0
0.09  0.035  0.0
0.095  0.035  0.0
0.1  0.035  0.0
0.105  0.035  0.0
0.11  0.035  0.0
0.115  0.035  0.0
0.12  0.035  0.0
0.125  0.035  0.0
0.13  0.035  0.0
0.135  0.035  0.0
0.14  0.035  0.0
0.145  0.035  0.0
0.15  0.035  0.0
0.155  0.035  0.0
0.16  0.035  0.0
0.165  0.035  0.0
0.17  0.035  0.0
0.17500000000000002  0.035  0.0
0.18  0.035  0.0
0.185  0.035  0.0
0.19  0.035  0.0
0.195  0.035  0.0
0.2  0.035  0.0
0.20500000000000002  0.035  0.0
0.21  0.035  0.0
0.215  0.035  0.0
0.22  0.035  0.0
0.225  0.035  0.0
0.23  0.035  0.0
0.23500000000000001  0.035  0.0
0.24  0.035  0.0
0.245  0.035  0.0
0.25  0.035  0.0
0.255  0.035  0.0
0.26  0.035  0.0
0.265  0.035  0.0
0.27  0.035  0.0
0.275  0.035  0.0
0.28  0.035  0.0
0.28500000000000003  0.035  0.0
0.29  0.035  0.0
0.295  0.035  0.0
0.3  0.035  0.0
0.305  0.035  0.0
0.31  0.035  0.0
0.315  0.035  0.0
0.32  0.035  0.0
0.325  0.035  0.0
0.33  0.035  0.0
0.335  0.035  0.0
0.34  0.035  0.0
0.34500000000000003  0.035  0.0
0.35000000000000003  0.035  0.0
0.355  0.035  0.0
0.36  0.035  0.0
0.365  0.035  0.0
0.37  0.035  0.0
0.375  0.035  0.0
0.38  0.035  0.0
0.385  0.035  0.0
0.39  0.035  0.0
0.395  0.035  0.0
0.4  0.035  0.0
0.405  0.035  0.0
0.41000000000000003  0.035  0.0
0.41500000000000004  0.035  0.0
0.42  0.035  0.0
0.425  0.035  0.0
0.43  0.035  0.0
0.435  0.035  0.0
0.44  0.035  0.0
0.445  0.035  0.0
0.45  0.035  0.0
0.455  0.035  0.0
0.46  0.035  0.0
0.465  0.035  0.0
0.47000000000000003  0.035  0.0
0.47500000000000003  0.035  0.0
0.48  0.035  0.0
0.485  0.035  0.0
0.49  0.035  0.0
0.495  0.035  0.0
0.5  0.035  327.27272727276056
0.505  0.035  0.0
0.51  0.035  0.0
0.515  0.035  0.0
0.52  0.035  0.0
0.525  0.035  0.0
0.53  0.035  0.0
0.535  0.035  0.0
0.54  0.035  0.0
0.545  0.035  0.0
0.55  0.035  0.0
0.555  0.035  0.0
0.56  0.035  0.0
0.5650000000000001  0.035  0.0
0.5700000000000001  0.035  0.0
0.5750000000000001  0.035  0.0
0.58  0.035  0.0
0.585  0.035  0.0
0.59  0.035  0.0
0.595  0.035  0.0
0.6  0.035  0.0
0.605  0.035  0.0
0.61  0.035  0.0
0.615  0.035  0.0
0.62  0.035  0.0
0.625  0.035  0.0
0.63  0.035  0.0
0.635  0.035  0.0
0.64  0.035  0.0
0.645  0.035  0.0
0.65  0.035  0.0
0.655  0.035  0.0
0.66  0.035  0.0
0.665  0.035  0.0
0.67  0.035  0.0
0.675  0.035  0.0
0.68  0.035  0.0
0.685  0.035  0.0
0.6900000000000001  0.035  0.0
0.6950000000000001  0.035  0.0
0.7000000000000001  0.035  0.0
0.705  0.035  0.0
0.71  0.035  0.0
0.715  0.035  0.0
0.72  0.035  0.0
0.725  0.035  0.0
0.73  0.035  0.0
0.735  0.035  0.0
0.74  0.035  0.0
0.745  0.035  0.0
0.75  0.035  0.0
0.755  0.035  0.0
0.76  0.035  0.0
0.765  0.035  0.0
0.77  0.035  0.0
0.775  0.035  0.0
0.78  0.035  0.0
0.785  0.035  0.0
0.79  0.035  0.0
0.795  0.035  0.0
0.8  0.035  0.0
0.805  0.035  0.0
0.81  0.035  0.0
0.8150000000000001  0.035  0.0
0.8200000000000001  0.035  0.0
0.8250000000000001  0.035  0.0
0.8300000000000001  0.035  0.0
0.835  0.035  0.0
0.84  0.035  0.0
0.845  0.035  0.0
0.85  0.035  0.0
0.855  0.035  0.0
0.86  0.035  0.0
0.865  0.035  0.0
0.87  0.035  0.0
0.875  0.035  0.0
0.88  0.035  0.0
0.885  0.035  0.0
0.89  0.035  0.0
0.895  0.035  0.0
0.9  0.035  0.0
0.905  0.035  0.0
0.91  0.035  0.0
0.915  0.035  0.0
0.92  0.035  0.0
0.925  0.035  0.0
0.93  0.035  0.0
0.935  0.035  0.0
0.9400000000000001  0.035  0.0
0.9450000000000001  0.035  0.0
0.9500000000000001  0.035  0.0
0.9550000000000001  0.035  0.0
0.96  0.035  0.0
0.965  0.035  0.0
0.97  0.035  0.0
0.975  0.035  0.0
0.98  0.035  0.0
0.985  0.035  0.0
0.99  0.035  0.0
0.995  0.035  0.0
1.0  0.035  0.0
1.0050000000000001  0.035  400.00000000004417
0.005  0.04  -399.9999999999991
0.01  0.04  0.0
0.015  0.04  0.0
0.02  0.04  0.0
0.025  0.04  0.0
0.03  0.04  0.0
0.035  0.04  0.0
0.04  0.04  0.0
0.045  0.04  0.0
0.05  0.04  0.0
0.055  0.04  0.0
0.06  0.04  0.0
0.065  0.04  0.0
0.07  0.04  0.0
0.075  0.04  0.0
0.08  0.04  0.0
0.085  0.04  0.0
0.09  0.04  0.0
0.095  0.04  0.0
0.1  0.04  0.0
0.105  0.04  0.0
0.11  0.04  0.0
0.115  0.04  0.0
0.12  0.04  0.0
0.125  0.04  0.0
0.13  0.04  0.0
0.135  0.04  0.0
0.14  0.04  0.0
0.145  0.04  0.0
0.15  0.04  0.0
0.155  0.04  0.0
0.16  0.04  0.0
0.165  0.04  0.0
0.17  0.04  0.0
0.17500000000000002  0.04  0.0
0.18  0.04  0.0
0.185  0.04  0.0
0.19  0.04  0.0
0.195  0.04  0.0
0.2  0.04  0.0
0.20500000000000002  0.04  0.0
0.21  0.04  0.0
0.215  0.04  0.0
0.22  0.04  0.0
0.225  0.04  0.0
0.23  0.04  0.0
0.23500000000000001  0.04  0.0
0.24  0.04  0.0
0.245  0.04  0.0
0.25  0.04  0.0
0.255  0.04  0.0
0.26  0.04  0.0
0.265  0.04  0.0
0.27  0.04  0.0
0.275  0.04  0.0
0.28  0.04  0.0
0.28500000000000003  0.04  0.0
0.29  0.04  0.0
0.295  0.04  0.0
0.3  0.04  0.0
0.305  0.04  0.0
0.31  0.04  0.0
0.315  0.04  0.0
0.32  0.04  0.0
0.325  0.04  0.0
0.33  0.04  0.0
0.335  0.04  0.0
0.34  0.04  0.0
0.34500000000000003  0.04  0.0
0.35000000000000003  0.04  0.0
0.355  0.04  0.0
0.36  0.04  0.0
0.365  0.04  0.0
0.37  0.04  0.0
0.375  0.04  0.0
0.38  0.04  0.0
0.385  0.04  0.0
0.39  0.04  0.0
0.395  0.04  0.0
0.4  0.04  0.0
0.405  0.04  0.0
0.41000000000000003  0.04  0.0
0.41500000000000004  0.04  0.0
0.42  0.04  0.0
0.425  0.04  0.0
0.43  0.04  0.0
0.435  0.04  0.0
0.44  0.04  0.0
0.445  0.04  0.0
0.45  0.04  0.0
0.455  0.04  0.0
0.46  0.04  0.0
0.465  0.04  0.0
0.47000000000000003  0.04  0.0
0.47500000000000003  0.04  0.0
0.48  0.04  0.0
0.485  0.04  0.0
0.49  0.04  0.0
0.495  0.04  0.0
0.5  0.04  327.2727272727294
0.505  0.04  0.0
0.51  0.04  0.0
0.515  0.04  0.0
0.52  0.04  0.0
0.525  0.04  0.0
0.53  0.04  0.0
0.535  0.04  0.0
0.54  0.04  0.0
0.545  0.04  0.0
0.55  0.04  0.0
0.555  0.04  0.0
0.56  0.04  0.0
0.5650000000000001  0.04  0.0
0.5700000000000001  0.04  0.0
0.5750000000000001  0.04  0.0
0.58  0.04  0.0
0.585  0.04  0.0
0.59  0.04  0.0
0.595  0.04  0.0
0.6  0.04  0.0
0.605  0.04  0.0
0.61  0.04  0.0
0.615  0.04  0.0
0.62  0.04  0.0
0.625  0.04  0.0
0.63  0.04  0.0
0.635  0.04  0.0
0.64  0.04  0.0
0.645  0.04  0.0
0.65  0.04  0.0
0.655  0.04  0.0
0.66  0.04  0.0
0.665  0.04  0.0
0.67  0.04  0.0
0.675  0.04  0.0
0.68  0.04  0.0
0.685  0.04  0.0
0.6900000000000001  0.04  0.0
0.6950000000000001  0.04  0.0
0.7000000000000001  0.04  0.0
0.705  0.04  0.0
0.71  0.04  0.0
0.715  0.04  0.0
0.72  0.04  0.0
0.725  0.04  0.0
0.73  0.04  0.0
0.735  0.04  0.0
0.74  0.04  0.0
0.745  0.04  0.0
0.75  0.04  0.0
0.755  0.04  0.0
0.76  0.04  0.0
0.765  0.04  0.0
0.77  0.04  0.0
0.775  0.04  0.0
0.78  0.04  0.0
0.785  0.04  0.0
0.79  0.04  0.0
0.795  0.04  0.0
0.8  0.04  0.0
0.805  0.04  0.0
0.81  0.04  0.0
0.8150000000000001  0.04  0.0
0.8200000000000001  0.04  0.0
0.8250000000000001  0.04  0.0
0.8300000000000001  0.04  0.0
0.835  0.04  0.0
0.84  0.04  0.0
0.845  0.04  0.0
0.85  0.04  0.0
0.855  0.04  0.0
0.86  0.04  0.0
0.865  0.04  0.0
0.87  0.04  0.0
0.875  0.04  0.0
0.88  0.04  0.0
0.885  0.04  0.0
0.89  0.04  0.0
0.895  0.04  0.0
0.9  0.04  0.0
0.905  0.04  0.0
0.91  0.04  0.0
0.915  0.04  0.0
0.92  0.04  0.0
0.925  0.04  0.0
0.93  0.04  0.0
0.935  0.04  0.0
0.9400000000000001  0.04  0.0
0.9450000000000001  0.04  0.0
0.9500000000000001  0.04  0.0
0.9550000000000001  0.04  0.0
0.96  0.04  0.0
0.965  0.04  0.0
0.97  0.04  0.0
0.975  0.04  0.0
0.98  0.04  0.0
0.985  0.04  0.0
0.99  0.04  0.0
0.995  0.04  0.0
1.0  0.04  0.0
1.0050000000000001  0.04  399.99999999989586
0.005  0.045  -399.99999999999955
0.01  0.045  0.0
0.015  0.045  0.0
0.02  0.045  0.0
0.025  0.045  0.0
0.03  0.045  0.0
0.035  0.045  0.0
0.04  0.045  0.0
0.045  0.045  0.0
0.05  0.045  0.0
0.055  0.045  0.0
0.06  0.045  0.0
0.065  0.045  0.0
0.07  0.045  0.0
0.075  0.045  0.0
0.08  0.045  0.0
0.085  0.045  0.0
0.09  0.045  0.0
0.095  0.045  0.0
0.1  0.045  0.0
0.105  0.045  0.0
0.11  0.045  0.0
0.115  0.045  0.0
0.12  0.045  0.0
0.125  0.045  0.0
0.13  0.045  0.0
0.135  0.045  0.0
0.14  0.045  0.0
0.145  0.045  0.0
0.15  0.045  0.0
0.155  0.045  0.0
0.16  0.045  0.0
0.165  0.045  0.0
0.17  0.045  0.0
0.17500000000000002  0.045  0.0
0.18  0.045  0.0
0.185  0.045  0.0
0.19  0.045  0.0
0.195  0.045  0.0
0.2  0.045  0.0
0.20500000000000002  0.045  0.0
0.21  0.045  0.0
0.215  0.045  0.0
0.22  0.045  0.0
0.225  0.045  0.0
0.23  0.045  0.0
0.23500000000000001  0.045  0.0
0.24  0.045  0.0
0.245  0.045  0.0
0.25  0.045  0.0
0.255  0.045  0.0
0.26  0.045  0.0
0.265  0.045  0.0
0.27  0.045  0.0
0.275  0.045  0.0
0.28  0.045  0.0
0.28500000000000003  0.045  0.0
0.29  0.045  0.0
0.295  0.045  0.0
0.3  0.045  0.0
0.305  0.045  0.0
0.31  0.045  0.0
0.315  0.045  0.0
0.32  0.045  0.0
0.325  0.045  0.0
0.33  0.045  0.0
0.335  0.045  0.0
0.34  0.045  0.0
0.34500000000000003  0.045  0.0
0.35000000000000003  0.045  0.0
0.355  0.045  0.0
0.36  0.045  0.0
0.365  0.045  0.0
0.37  0.045  0.0
0.375  0.045  0.0
0.38  0.045  0.0
0.385  0.045  0.0
0.39  0.045  0.0
0.395  0.045  0.0
0.4  0.045  0.0
0.405  0.045  0.0
0.41000000000000003  0.045  0.0
0.41500000000000004  0.045  0.0
0.42  0.045  0.0
0.425  0.045  0.0
0.43  0.045  0.0
0.435  0.045  0.0
0.44  0.045  0.0
0.445  0.045  0.0
0.45  0.045  0.0
0.455  0.045  0.0
0.46  0.045  0.0
0.465  0.045  0.0
0.47000000000000003  0.045  0.0
0.47500000000000003  0.045  0.0
0.48  0.045  0.0
0.485  0.045  0.0
0.49  0.045  0.0
0.495  0.045  0.0
0.5  0.045  327.2727272728012
0.505  0.045  0.0
0.51  0.045  0.0
0.515  0.045  0.0
0.52  0.045  0.0
0.525  0.045  0.0
0.53  0.045  0.0
0.535  0.045  0.0
0.54  0.045  0.0
0.545  0.045  0.0
0.55  0.045  0.0
0.555  0.045  0.0
0.56  0.045  0.0
0.5650000000000001  0.045  0.0
0.5700000000000001  0.045  0.0
0.5750000000000001  0.045  0.0
0.58  0.045  0.0
0.585  0.045  0.0
0.59  0.045  0.0
0.595  0.045  0.0
0.6  0.045  0.0
0.605  0.045  0.0
0.61  0.045  0.0
0.615  0.045  0.0
0.62  0.045  0.0
0.625  0.045  0.0
0.63  0.045  0.0
0.635  0.045  0.0
0.64  0.045  0.0
0.645  0.045  0.0
0.65  0.045  0.0
0.655  0.045  0.0
0.66  0.045  0.0
0.665  0.045  0.0
0.67  0.045  0.0
0.675  0.045  0.0
0.68  0.045  0.0
0.685  0.045  0.0
0.6900000000000001  0.045  0.0
0.6950000000000001  0.045  0.0
0.7000000000000001  0.045  0.0
0.705  0.045  0.0
0.71  0.045  0.0
0.715  0.045  0.0
0.72  0.045  0.0
0.725  0.045  0.0
0.73  0.045  0.0
0.735  0.045  0.0
0.74  0.045  0.0
0.745  0.045  0.0
0.75  0.045  0.0
0.755  0.045  0.0
0.76  0.045  0.0
0.765  0.045  0.0
0.77  0.045  0.0
0.775  0.045  0.0
0.78  0.045  0.0
0.785  0.045  0.0
0.79  0.045  0.0
0.795  0.045  0.0
0.8  0.045  0.0
0.805  0.045  0.0
0.81  0.045  0.0
0.8150000000000001  0.045  0.0
0.8200000000000001  0.045  0.0
0.8250000000000001  0.045  0.0
0.8300000000000001  0.045  0.0
0.835  0.045  0.0
0.84  0.045  0.0
0.845  0.045  0.0
0.85  0.045  0.0
0.855  0.045  0.0
0.86  0.045  0.0
0.865  0.045  0.0
0.87  0.045  0.0
0.875  0.045  0.0
0.88  0.045  0.0
0.885  0.045  0.0
0.89  0.045  0.0
0.895  0.045  0.0
0.9  0.045  0.0
0.905  0.045  0.0
0.91  0.045  0.0
0.915  0.045  0.0
0.92  0.045  0.0
0.925  0.045  0.0
0.93  0.045  0.0
0.935  0.045  0.0
0.9400000000000001  0.045  0.0
0.9450000000000001  0.045  0.0
0.9500000000000001  0.045  0.0
0.9550000000000001  0.045  0.0
0.96  0.045  0.0
0.965  0.045  0.0
0.97  0.045  0.0
0.975  0.045  0.0
0.98  0.045  0.0
0.985  0.045  0.0
0.99  0.045  0.0
0.995  0.045  0.0
1.0  0.045  0.0
1.0050000000000001  0.045  400.00000000000716
0.005  0.05  -399.9999999999986
0.01  0.05  0.0
0.015  0.05  0.0
0.02  0.05  0.0
0.025  0.05  0.0
0.03  0.05  0.0
0.035  0.05  0.0
0.04  0.05  0.0
0.045  0.05  0.0
0.05  0.05  0.0
0.055  0.05  0.0
0.06  0.05  0.0
0.065  0.05  0.0
0.07  0.05  0.0
0.075  0.05  0.0
0.08  0.05  0.0
0.085  0.05  0.0
0.09  0.05  0.0
0.095  0.05  0.0
0.1  0.05  0.0
0.105  0.05  0.0
0.11  0.05  0.0
0.115  0.05  0.0
0.12  0.05  0.0
0.125  0.05  0.0
0.13  0.05  0.0
0.135  0.05  0.0
0.14  0.05  0.0
0.145  0.05  0.0
0.15  0.05  0.0
0.155  0.05  0.0
0.16  0.05  0.0
0.165  0.05  0.0
0.17  0.05  0.0
0.17500000000000002  0.05  0.0
0.18  0.05  0.0
0.185  0.05  0.0
0.19  0.05  0.0
0.195  0.05  0.0
0.2  0.05  0.0
0.20500000000000002  0.05  0.0
0.21  0.05  0.0
0.215  0.05  0.0
0.22  0.05  0.0
0.225  0.05  0.0
0.23  0.05  0.0
0.23500000000000001  0.05  0.0
0.24  0.05  0.0
0.245  0.05  0.0
0.25  0.05  0.0
0.255  0.05  0.0
0.26  0.05  0.0
0.265  0.05  0.0
0.27  0.05  0.0
0.275  0.05  0.0
0.28  0.05  0.0
0.28500000000000003  0.05  0.0
0.29  0.05  0.0
0.295  0.05  0.0
0.3  0.05  0.0
0.305  0.05  0.0
0.31  0.05  0.0
0.315  0.05  0.0
0.32  0.05  0.0
0.325  0.05  0.0
0.33  0.05  0.0
0.335  0.05  0.0
0.34  0.05  0.0
0.34500000000000003  0.05  0.0
0.35000000000000003  0.05  0.0
0.355  0.05  0.0
0.36  0.05  0.0
0.365  0.05  0.0
0.37  0.05  0.0
0.375  0.05  0.0
0.38  0.05  0.0
0.385  0.05  0.0
0.39  0.05  0.0
0.395  0.05  0.0
0.4  0.05  0.0
0.405  0.05  0.0
0.41000000000000003  0.05  0.0
0.41500000000000004  0.05  0.0
0.42  0.05  0.0
0.425  0.05  0.0
0.43  0.05  0.0
0.435  0.05  0.0
0.44  0.05  0.0
0.445  0.05  0.0
0.45  0.05  0.0
0.455  0.05  0.0
0.46  0.05  0.0
0.465  0.05  0.0
0.47000000000000003  0.05  0.0
0.47500000000000003  0.05  0.0
0.48  0.05  0.0
0.485  0.05  0.0
0.49  0.05  0.0
0.495  0.05  0.0
0.5  0.05  327.27272727284316
0.505  0.05  0.0
0.51  0.05  0.0
0.515  0.05  0.0
0.52  0.05  0.0
0.525  0.05  0.0
0.53  0.05  0.0
0.535  0.05  0.0
0.54  0.05  0.0
0.545  0.05  0.0
0.55  0.05  0.0
0.555  0.05  0.0
0.56  0.05  0.0
0.5650000000000001  0.05  0.0
0.5700000000000001  0.05  0.0
0.5750000000000001  0.05  0.0
0.58  0.05  0.0
0.585  0.05  0.0
0.59  0.05  0.0
0.595  0.05  0.0
0.6  0.05  0.0
0.605  0.05  0.0
0.61  0.05  0.0
0.615  0.05  0.0
0.62  0.05  0.0
0.625  0.05  0.0
0.63  0.05  0.0
0.635  0.05  0.0
0.64  0.05  0.0
0.645  0.05  0.0
0.65  0.05  0.0
0.655  0.05  0.0
0.66  0.05  0.0
0.665  0.05  0.0
0.67  0.05  0.0
0.675  0.05  0.0
0.68  0.05  0.0
0.685  0.05  0.0
0.6900000000000001  0.05  0.0
0.6950000000000001  0.05  0.0
0.7000000000000001  0.05  0.0
0.705  0.05  0.0
0.71  0.05  0.0
0.715  0.05  0.0
0.72  0.05  0.0
0.725  0.05  0.0
0.73  0.05  0.0
0.735  0.05  0.0
0.74  0.05  0.0
0.745  0.05  0.0
0.75  0.05  0.0
0.755  0.05  0.0
0.76  0.05  0.0
0.765  0.05  0.0
0.77  0.05  0.0
0.775  0.05  0.0
0.78  0.05  0.0
0.785  0.05  0.0
0.79  0.05  0.0
0.795  0.05  0.0
0.8  0.05  0.0
0.805  0.05  0.0
0.81  0.05  0.0
0.8150000000000001  0.05  0.0
0.8200000000000001  0.05  0.0
0.8250000000000001  0.05  0.0
0.8300000000000001  0.05  0.0
0.835  0.05  0.0
0.84  0.05  0.0
0.845  0.05  0.0
0.85  0.05  0.0
0.855  0.05  0.0
0.86  0.05  0.0
0.865  0.05  0.0
0.87  0.05  0.0
0.875  0.05  0.0
0.88  0.05  0.0
0.885  0.05  0.0
0.89  0.05  0.0
0.895  0.05  0.0
0.9  0.05  0.0
0.905  0.05  0.0
0.91  0.05  0.0
0.915  0.05  0.0
0.92  0.05  0.0
0.925  0.05  0.0
0.93  0.05  0.0
0.935  0.05  0.0
0.9400000000000001  0.05  0.0
0.9450000000000001  0.05  0.0
0.9500000000000001  0.05  0.0
0.9550000000000001  0.05  0.0
0.96  0.05  0.0
0.965  0.05  0.0
0.97  0.05  0.0
0.975  0.05  0.0
0.98  0.05  0.0
0.985  0.05  0.0
0.99  0.05  0.0
0.995  0.05  0.0
1.0  0.05  0.0
1.0050000000000001  0.05  400.0000000000071
0.005  0.055  -400.0000000000005
0.01  0.055  0.0
0.015  0.055  0.0
0.02  0.055  0.0
0.025  0.055  0.0
0.03  0.055  0.0
0.035  0.055  0.0
0.04  0.055  0.0
0.045  0.055  0.0
0.05  0.055  0.0
0.055  0.055  0.0
0.06  0.055  0.0
0.065  0.055  0.0
0.07  0.055  0.0
0.075  0.055  0.0
0.08  0.055  0.0
0.085  0.055  0.0
0.09  0.055  0.0
0.095  0.055  0.0
0.1  0.055  0.0
0.105  0.055  0.0
0.11  0.055  0.0
0.115  0.055  0.0
0.12  0.055  0.0
0.125  0.055  0.0
0.13  0.055  0.0
0.135  0.055  0.0
0.14  0.055  0.0
0.145  0.055  0.0
0.15  0.055  0.0
0.155  0.055  0.0
0.16  0.055  0.0
0.165  0.055  0.0
0.17  0.055  0.0
0.17500000000000002  0.055  0.0
0.18  0.055  0.0
0.185  0.055  0.0
0.19  0.055  0.0
0.195  0.055  0.0
0.2  0.055  0.0
0.20500000000000002  0.055  0.0
0.21  0.055  0.0
0.215  0.055  0.0
0.22  0.055  0.0
0.225  0.055  0.0
0.23  0.055  0.0
0.23500000000000001  0.055  0.0
0.24  0.055  0.0
0.245  0.055  0.0
0.25  0.055  0.0
0.255  0.055  0.0
0.26  0.055  0.0
0.265  0.055  0.0
0.27  0.055  0.0
0.275  0.055  0.0
0.28  0.055  0.0
0.28500000000000003  0.055  0.0
0.29  0.055  0.0
0.295  0.055  0.0
0.3  0.055  0.0
0.305  0.055  0.0
0.31  0.055  0.0
0.315  0.055  0.0
0.32  0.055  0.0
0.325  0.055  0.0
0.33  0.055  0.0
0.335  0.055  0.0
0.34  0.055  0.0
0.34500000000000003  0.055  0.0
0.35000000000000003  0.055  0.0
0.355  0.055  0.0
0.36  0.055  0.0
0.365  0.055  0.0
0.37  0.055  0.0
0.375  0.055  0.0
0.38  0.055  0.0
0.385  0.055  0.0
0.39  0.055  0.0
0.395  0.055  0.0
0.4  0.055  0.0
0.405  0.055  0.0
0.41000000000000003  0.055  0.0
0.41500000000000004  0.055  0.0
0.42  0.055  0.0
0.425  0.055  0.0
0.43  0.055  0.0
0.435  0.055  0.0
0.44  0.055  0.0
0.445  0.055  0.0
0.45  0.055  0.0
0.455  0.055  0.0
0.46  0.055  0.0
0.465  0.055  0.0
0.47000000000000003  0.055  0.0
0.47500000000000003  0.055  0.0
0.48  0.055  0.0
0.485  0.055  0.0
0.49  0.055  0.0
0.495  0.055  0.0
0.5  0.055  327.27272727272594
0.505  0.055  0.0
0.51  0.055  0.0
0.515  0.055  0.0
0.52  0.055  0.0
0.525  0.055  0.0
0.53  0.055  0.0
0.535  0.055  0.0
0.54  0.055  0.0
0.545  0.055  0.0
0.55  0.055  0.0
0.555  0.055  0.0
0.56  0.055  0.0
0.5650000000000001  0.055  0.0
0.5700000000000001  0.055  0.0
0.5750000000000001  0.055  0.0
0.58  0.055  0.0
0.585  0.055  0.0
0.59  0.055  0.0
0.595  0.055  0.0
0.6  0.055  0.0
0.605  0.055  0.0
0.61  0.055  0.0
0.615  0.055  0.0
0.62  0.055  0.0
0.625  0.055  0.0
0.63  0.055  0.0
0.635  0.055  0.0
0.64  0.055  0.0
0.645  0.055  0.0
0.65  0.055  0.0
0.655  0.055  0.0
0.66  0.055  0.0
0.665  0.055  0.0
0.67  0.055  0.0
0.675  0.055  0.0
0.68  0.055  0.0
0.685  0.055  0.0
0.6900000000000001  0.055  0.0
0.6950000000000001  0.055  0.0
0.7000000000000001  0.055  0.0
0.705  0.055  0.0
0.71  0.055  0.0
0.715  0.055  0.0
0.72  0.055  0.0
0.725  0.055  0.0
0.73  0.055  0.0
0.735  0.055  0.0
0.74  0.055  0.0
0.745  0.055  0.0
0.75  0.055  0.0
0.755  0.055  0.0
0.76  0.055  0.0
0.765  0.055  0.0
0.77  0.055  0.0
0.775  0.055  0.0
0.78  0.055  0.0
0.785  0.055  0.0
0.79  0.055  0.0
0.795  0.055  0.0
0.8  0.055  0.0
0.805  0.055  0.0
0.81  0.055  0.0
0.8150000000000001  0.055  0.0
0.8200000000000001  0.055  0.0
0.8250000000000001  0.055  0.0
0.8300000000000001  0.055  0.0
0.835  0.055  0.0
0.84  0.055  0.0
0.845  0.055  0.0
0.85  0.055  0.0
0.855  0.055  0.0
0.86  0.055  0.0
0.865  0.055  0.0
0.87  0.055  0.0
0.875  0.055  0.0
0.88  0.055  0.0
0.885  0.055  0.0
0.89  0.055  0.0
0.895  0.055  0.0
0.9  0.055  0.0
0.905  0.055  0.0
0.91  0.055  0.0
0.915  0.055  0.0
0.92  0.055  0.0
0.925  0.055  0.0
0.93  0.055  0.0
0.935  0.055  0.0
0.9400000000000001  0.055  0.0
0.9450000000000001  0.055  0.0
0.9500000000000001  0.055  0.0
0.9550000000000001  0.055  0.0
0.96  0.055  0.0
0.965  0.055  0.0
0.97  0.055  0.0
0.975  0.055  0.0
0.98  0.055  0.0
0.985  0.055  0.0
0.99  0.055  0.0
0.995  0.055  0.0
1.0  0.055  0.0
1.0050000000000001  0.055  400.0000000000809
0.005  0.06  -400.00000000000273
0.01  0.06  0.0
0.015  0.06  0.0
0.02  0.06  0.0
0.025  0.06  0.0
0.03  0.06  0.0
0.035  0.06  0.0
0.04  0.06  0.0
0.045  0.06  0.0
0.05  0.06  0.0
0.055  0.06  0.0
0.06  0.06  0.0
0.065  0.06  0.0
0.07  0.06  0.0
0.075  0.06  0.0
0.08  0.06  0.0
0.085  0.06  0.0
0.09  0.06  0.0
0.095  0.06  0.0
0.1  0.06  0.0
0.105  0.06  0.0
0.11  0.06  0.0
0.115  0.06  0.0
0.12  0.06  0.0
0.125  0.06  0.0
0.13  0.06  0.0
0.135  0.06  0.0
0.14  0.06  0.0
0.145  0.06  0.0
0.15  0.06  0.0
0.155  0.06  0.0
0.16  0.06  0.0
0.165  0.06  0.0
0.17  0.06  0.0
0.17500000000000002  0.06  0.0
0.18  0.06  0.0
0.185  0.06  0.0
0.19  0.06  0.0
0.195  0.06  0.0
0.2  0.06  0.0
0.20500000000000002  0.06  0.0
0.21  0.06  0.0
0.215  0.06  0.0
0.22  0.06  0.0
0.225  0.06  0.0
0.23  0.06  0.0
0.23500000000000001  0.06  0.0
0.24  0.06  0.0
0.245  0.06  0.0
0.25  0.06  0.0
0.255  0.06  0.0
0.26  0.06  0.0
0.265  0.06  0.0
0.27  0.06  0.0
0.275  0.06  0.0
0.28  0.06  0.0
0.28500000000000003  0.06  0.0
0.29  0.06  0.0
0.295  0.06  0.0
0.3  0.06  0.0
0.305  0.06  0.0
0.31  0.06  0.0
0.315  0.06  0.0
0.32  0.06  0.0
0.325  0.06  0.0
0.33  0.06  0.0
0.335  0.06  0.0
0.34  0.06  0.0
0.34500000000000003  0.06  0.0
0.35000000000000003  0.06  0.0
0.355  0.06  0.0
0.36  0.06  0.0
0.365  0.06  0.0
0.37  0.06  0.0
0.375  0.06  0.0
0.38  0.06  0.0
0.385  0.06  0.0
0.39  0.06  0.0
0.395  0.06  0.0
0.4  0.06  0.0
0.405  0.06  0.0
0.41000000000000003  0.06  0.0
0.41500000000000004  0.06  0.0
0.42  0.06  0.0
0.425  0.06  0.0
0.43  0.06  0.0
0.435  0.06  0.0
0.44  0.06  0.0
0.445  0.06  0.0
0.45  0.06  0.0
0.455  0.06  0.0
0.46  0.06  0.0
0.465  0.06  0.0
0.47000000000000003  0.06  0.0
0.47500000000000003  0.06  0.0
0.48  0.06  0.0
0.485  0.06  0.0
0.49  0.06  0.0
0.495  0.06  0.0
0.5  0.06  327.27272727277915
0.505  0.06  0.0
0.51  0.06  0.0
0.515  0.06  0.0
0.52  0.06  0.0
0.525  0.06  0.0
0.53  0.06  0.0
0.535  0.06  0.0
0.54  0.06  0.0
0.545  0.06  0.0
0.55  0.06  0.0
0.555  0.06  0.0
0.56  0.06  0.0
0.5650000000000001  0.06  0.0
0.5700000000000001  0.06  0.0
0.5750000000000001  0.06  0.0
0.58  0.06  0.0
0.585  0.06  0.0
0.59  0.06  0.0
0.595  0.06  0.0
0.6  0.06  0.0
0.605  0.06  0.0
0.61  0.06  0.0
0.615  0.06  0.0
0.62  0.06  0.0
0.625  0.06  0.0
0.63  0.06  0.0
0.635  0.06  0.0
0.64  0.06  0.0
0.645  0.06  0.0
0.65  0.06  0.0
0.655  0.06  0.0
0.66  0.06  0.0
0.665  0.06  0.0
0.67  0.06  0.0
0.675  0.06  0.0
0.68  0.06  0.0
0.685  0.06  0.0
0.6900000000000001  0.06  0.0
0.6950000000000001  0.06  0.0
0.7000000000000001  0.06  0.0
0.705  0.06  0.0
0.71  0.06  0.0
0.715  0.06  0.0
0.72  0.06  0.0
0.725  0.06  0.0
0.73  0.06  0.0
0.735  0.06  0.0
0.74  0.06  0.0
0.745  0.06  0.0
0.75  0.06  0.0
0.755  0.06  0.0
0.76  0.06  0.0
0.765  0.06  0.0
0.77  0.06  0.0
0.775  0.06  0.0
0.78  0.06  0.0
0.785  0.06  0.0
0.79  0.06  0.0
0.795  0.06  0.0
0.8  0.06  0.0
0.805  0.06  0.0
0.81  0.06  0.0
0.8150000000000001  0.06  0.0
0.8200000000000001  0.06  0.0
0.8250000000000001  0.06  0.0
0.8300000000000001  0.06  0.0
0.835  0.06  0.0
0.84  0.06  0.0
0.845  0.06  0.0
0.85  0.06  0.0
0.855  0.06  0.0
0.86  0.06  0.0
0.865  0.06  0.0
0.87  0.06  0.0
0.875  0.06  0.0
0.88  0.06  0.0
0.885  0.06  0.0
0.89  0.06  0.0
0.895  0.06  0.0
0.9  0.06  0.0
0.905  0.06  0.0
0.91  0.06  0.0
0.915  0.06  0.0
0.92  0.06  0.0
0.925  0.06  0.0
0.93  0.06  0.0
0.935  0.06  0.0
0.9400000000000001  0.06  0.0
0.9450000000000001  0.06  0.0
0.9500000000000001  0.06  0.0
0.9550000000000001  0.06  0.0
0.96  0.06  0.0
0.965  0.06  0.0
0.97  0.06  0.0
0.975  0.06  0.0
0.98  0.06  0.0
0.985  0.06  0.0
0.99  0.06  0.0
0.995  0.06  0.0
1.0  0.06  0.0
1.0050000000000001  0.06  399.9999999999516
0.005  0.065  -400.0000000000017
0.01  0.065  0.0
0.015  0.065  0.0
0.02  0.065  0.0
0.025  0.065  0.0
0.03  0.065  0.0
0.035  0.065  0.0
0.04  0.065  0.0
0.045  0.065  0.0
0.05  0.065  0.0
0.055  0.065  0.0
0.06  0.065  0.0
0.065  0.065  0.0
0.07  0.065  0.0
0.075  0.065  0.0
0.08  0.065  0.0
0.085  0.065  0.0
0.09  0.065  0.0
0.095  0.065  0.0
0.1  0.065  0.0
0.105  0.065  0.0
0.11  0.065  0.0
0.115  0.065  0.0
0.12  0.065  0.0
0.125  0.065  0.0
0.13  0.065  0.0
0.135  0.065  0.0
0.14  0.065  0.0
0.145  0.065  0.0
0.15  0.065  0.0
0.155  0.065  0.0
0.16  0.065  0.0
0.165  0.065  0.0
0.17  0.065  0.0
0.17500000000000002  0.065  0.0
0.18  0.065  0.0
0.185  0.065  0.0
0.19  0.065  0.0
0.195  0.065  0.0
0.2  0.065  0.0
0.20500000000000002  0.065  0.0
0.21  0.065  0.0
0.215  0.065  0.0
0.22  0.065  0.0
0.225  0.065  0.0
0.23  0.065  0.0
0.23500000000000001  0.065  0.0
0.24  0.065  0.0
0.245  0.065  0.0
0.25  0.065  0.0
0.255  0.065  0.0
0.26  0.065  0.0
0.265  0.065  0.0
0.27  0.065  0.0
0.275  0.065  0.0
0.28  0.065  0.0
0.28500000000000003  0.065  0.0
0.29  0.065  0.0
0.295  0.065  0.0
0.3  0.065  0.0
0.305  0.065  0.0
0.31  0.065  0.0
0.315  0.065  0.0
0.32  0.065  0.0
0.325  0.065  0.0
0.33  0.065  0.0
0.335  0.065  0.0
0.34  0.065  0.0
0.34500000000000003  0.065  0.0
0.35000000000000003  0.065  0.0
0.355  0.065  0.0
0.36  0.065  0.0
0.365  0.065  0.0
0.37  0.065  0.0
0.375  0.065  0.0
0.38  0.065  0.0
0.385  0.065  0.0
0.39  0.065  0.0
0.395  0.065  0.0
0.4  0.065  0.0
0.405  0.065  0.0
0.41000000000000003  0.065  0.0
0.41500000000000004  0.065  0.0
0.42  0.065  0.0
0.425  0.065  0.0
0.43  0.065  0.0
0.435  0.065  0.0
0.44  0.065  0.0
0.445  0.065  0.0
0.45  0.065  0.0
0.455  0.065  0.0
0.46  0.065  0.0
0.465  0.065  0.0
0.47000000000000003  0.065  0.0
0.47500000000000003  0.065  0.0
0.48  0.065  0.0
0.485  0.065  0.0
0.49  0.065  0.0
0.495  0.065  0.0
0.5  0.065  327.27272727286
0.505  0.065  0.0
0.51  0.065  0.0
0.515  0.065  0.0
0.52  0.065  0.0
0.525  0.065  0.0
0.53  0.065  0.0
0.535  0.065  0.0
0.54  0.065  0.0
0.545  0.065  0.0
0.55  0.065  0.0
0.555  0.065  0.0
0.56  0.065  0.0
0.5650000000000001  0.065  0.0
0.5700000000000001  0.065  0.0
0.5750000000000001  0.065  0.0
0.58  0.065  0.0
0.585  0.065  0.0
0.59  0.065  0.0
0.595  0.065  0.0
0.6  0.065  0.0
0.605  0.065  0.0
0.61  0.065  0.0
0.615  0.065  0.0
0.62  0.065  0.0
0.625  0.065  0.0
0.63  0.065  0.0
0.635  0.065  0.0
0.64  0.065  0.0
0.645  0.065  0.0
0.65  0.065  0.0
0.655  0.065  0.0
0.66  0.065  0.0
0.665  0.065  0.0
0.67  0.065  0.0
0.675  0.065  0.0
0.68  0.065  0.0
0.685  0.065  0.0
0.6900000000000001  0.065  0.0
0.6950000000000001  0.065  0.0
0.7000000000000001  0.065  0.0
0.705  0.065  0.0
0.71  0.065  0.0
0.715  0.065  0.0
0.72  0.065  0.0
0.725  0.065  0.0
0.73  0.065  0.0
0.735  0.065  0.0
0.74  0.065  0.0
0.745  0.065  0.0
0.75  0.065  0.0
0.755  0.065  0.0
0.76  0.065  0.0
0.765  0.065  0.0
0.77  0.065  0.0
0.775  0.065  0.0
0.78  0.065  0.0
0.785  0.065  0.0
0.79  0.065  0.0
0.795  0.065  0.0
0.8  0.065  0.0
0.805  0.065  0.0
0.81  0.065  0.0
0.8150000000000001  0.065  0.0
0.8200000000000001  0.065  0.0
0.8250000000000001  0.065  0.0
0.8300000000000001  0.065  0.0
0.835  0.065  0.0
0.84  0.065  0.0
0.845  0.065  0.0
0.85  0.065  0.0
0.855  0.065  0.0
0.86  0.065  0.0
0.865  0.065  0.0
0.87  0.065  0.0
0.875  0.065  0.0
0.88  0.065  0.0
0.885  0.065  0.0
0.89  0.065  0.0
0.895  0.065  0.0
0.9  0.065  0.0
0.905  0.065  0.0
0.91  0.065  0.0
0.915  0.065  0.0
0.92  0.065  0.0
0.925  0.065  0.0
0.93  0.065  0.0
0.935  0.065  0.0
0.9400000000000001  0.065  0.0
0.9450000000000001  0.065  0.0
0.9500000000000001  0.065  0.0
0.9550000000000001  0.065  0.0
0.96  0.065  0.0
0.965  0.065  0.0
0.97  0.065  0.0
0.975  0.065  0.0
0.98  0.065  0.0
0.985  0.065  0.0
0.99  0.065  0.0
0.995  0.065  0.0
1.0  0.065  0.0
1.0050000000000001  0.065  399.9999999999333
0.005  0.07  -399.99999999999886
0.01  0.07  0.0
0.015  0.07  0.0
0.02  0.07  0.0
0.025  0.07  0.0
0.03  0.07  0.0
0.035  0.07  0.0
0.04  0.07  0.0
0.045  0.07  0.0
0.05  0.07  0.0
0.055  0.07  0.0
0.06  0.07  0.0
0.065  0.07  0.0
0.07  0.07  0.0
0.075  0.07  0.0
0.08  0.07  0.0
0.085  0.07  0.0
0.09  0.07  0.0
0.095  0.07  0.0
0.1  0.07  0.0
0.105  0.07  0.0
0.11  0.07  0.0
0.115  0.07  0.0
0.12  0.07  0.0
0.125  0.07  0.0
0.13  0.07  0.0
0.135  0.07  0.0
0.14  0.07  0.0
0.145  0.07  0.0
0.15  0.07  0.0
0.155  0.07  0.0
0.16  0.07  0.0
0.165  0.07  0.0
0.17  0.07  0.0
0.17500000000000002  0.07  0.0
0.18  0.07  0.0
0.185  0.07  0.0
0.19  0.07  0.0
0.195  0.07  0.0
0.2  0.07  0.0
0.20500000000000002  0.07  0.0
0.21  0.07  0.0
0.215  0.07  0.0
0.22  0.07  0.0
0.225  0.07  0.0
0.23  0.07  0.0
0.23500000000000001  0.07  0.0
0.24  0.07  0.0
0.245  0.07  0.0
0.25  0.07  0.0
0.255  0.07  0.0
0.26  0.07  0.0
0.265  0.07  0.0
0.27  0.07  0.0
0.275  0.07  0.0
0.28  0.07  0.0
0.28500000000000003  0.07  0.0
0.29  0.07  0.0
0.295  0.07  0.0
0.3  0.07  0.0
0.305  0.07  0.0
0.31  0.07  0.0
0.315  0.07  0.0
0.32  0.07  0.0
0.325  0.07  0.0
0.33  0.07  0.0
0.335  0.07  0.0
0.34  0.07  0.0
0.34500000000000003  0.07  0.0
0.35000000000000003  0.07  0.0
0.355  0.07  0.0
0.36  0.07  0.0
0.365  0.07  0.0
0.37  0.07  0.0
0.375  0.07  0.0
0.38  0.07  0.0
0.385  0.07  0.0
0.39  0.07  0.0
0.395  0.07  0.0
0.4  0.07  0.0
0.405  0.07  0.0
0.41000000000000003  0.07  0.0
0.41500000000000004  0.07  0.0
0.42  0.07  0.0
0.425  0.07  0.0
0.43  0.07  0.0
0.435  0.07  0.0
0.44  0.07  0.0
0.445  0.07  0.0
0.45  0.07  0.0
0.455  0.07  0.0
0.46  0.07  0.0
0.465  0.07  0.0
0.47000000000000003  0.07  0.0
0.47500000000000003  0.07  0.0
0.48  0.07  0.0
0.485  0.07  0.0
0.49  0.07  0.0
0.495  0.07  0.0
0.5  0.07  327.27272727279893
0.505  0.07  0.0
0.51  0.07  0.0
0.515  0.07  0.0
0.52  0.07  0.0
0.525  0.07  0.0
0.53  0.07  0.0
0.535  0.07  0.0
0.54  0.07  0.0
0.545  0.07  0.0
0.55  0.07  0.0
0.555  0.07  0.0
0.56  0.07  0.0
0.5650000000000001  0.07  0.0
0.5700000000000001  0.07  0.0
0.5750000000000001  0.07  0.0
0.58  0.07  0.0
0.585  0.07  0.0
0.59  0.07  0.0
0.595  0.07  0.0
0.6  0.07  0.0
0.605  0.07  0.0
0.61  0.07  0.0
0.615  0.07  0.0
0.62  0.07  0.0
0.625  0.07  0.0
0.63  0.07  0.0
0.635  0.07  0.0
0.64  0.07  0.0
0.645  0.07  0.0
0.65  0.07  0.0
0.655  0.07  0.0
0.66  0.07  0.0
0.665  0.07  0.0
0.67  0.07  0.0
0.675  0.07  0.0
0.68  0.07  0.0
0.685  0.07  0.0
0.6900000000000001  0.07  0.0
0.6950000000000001  0.07  0.0
0.7000000000000001  0.07  0.0
0.705  0.07  0.0
0.71  0.07  0.0
0.715  0.07  0.0
0.72  0.07  0.0
0.725  0.07  0.0
0.73  0.07  0.0
0.735  0.07  0.0
0.74  0.07  0.0
0.745  0.07  0.0
0.75  0.07  0.0
0.755  0.07  0.0
0.76  0.07  0.0
0.765  0.07  0.0
0.77  0.07  0.0
0.775  0.07  0.0
0.78  0.07  0.0
0.785  0.07  0.0
0.79  0.07  0.0
0.795  0.07  0.0
0.8  0.07  0.0
0.805  0.07  0.0
0.81  0.07  0.0
0.8150000000000001  0.07  0.0
0.8200000000000001  0.07  0.0
0.8250000000000001  0.07  0.0
0.8300000000000001  0.07  0.0
0.835  0.07  0.0
0.84  0.07  0.0
0.845  0.07  0.0
0.85  0.07  0.0
0.855  0.07  0.0
0.86  0.07  0.0
0.865  0.07  0.0
0.87  0.07  0.0
0.875  0.07  0.0
0.88  0.07  0.0
0.885  0.07  0.0
0.89  0.07  0.0
0.895  0.07  0.0
0.9  0.07  0.0
0.905  0.07  0.0
0.91  0.07  0.0
0.915  0.07  0.0
0.92  0.07  0.0
0.925  0.07  0.0
0.93  0.07  0.0
0.935  0.07  0.0
0.9400000000000001  0.07  0.0
0.9450000000000001  0.07  0.0
0.9500000000000001  0.07  0.0
0.9550000000000001  0.07  0.0
0.96  0.07  0.0
0.965  0.07  0.0
0.97  0.07  0.0
0.975  0.07  0.0
0.98  0.07  0.0
0.985  0.07  0.0
0.99  0.07  0.0
0.995  0.07  0.0
1.0  0.07  0.0
1.0050000000000001  0.07  399.9999999998588
0.005  0.075  -400.0000000000006
0.01  0.075  0.0
0.015  0.075  0.0
0.02  0.075  0.0
0.025  0.075  0.0
0.03  0.075  0.0
0.035  0.075  0.0
0.04  0.075  0.0
0.045  0.075  0.0
0.05  0.075  0.0
0.055  0.075  0.0
0.06  0.075  0.0
0.065  0.075  0.0
0.07  0.075  0.0
0.075  0.075  0.0
0.08  0.075  0.0
0.085  0.075  0.0
0.09  0.075  0.0
0.095  0.075  0.0
0.1  0.075  0.0
0.105  0.075  0.0
0.11  0.075  0.0
0.115  0.075  0.0
0.12  0.075  0.0
0.125  0.075  0.0
0.13  0.075  0.0
0.135  0.075  0.0
0.14  0.075  0.0
0.145  0.075  0.0
0.15  0.075  0.0
0.155  0.075  0.0
0.16  0.075  0.0
0.165  0.075  0.0
0.17  0.075  0.0
0.17500000000000002  0.075  0.0
0.18  0.075  0.0
0.185  0.075  0.0
0.19  0.075  0.0
0.195  0.075  0.0
0.2  0.075  0.0
0.20500000000000002  0.075  0.0
0.21  0.075  0.0
0.215  0.075  0.0
0.22  0.075  0.0
0.225  0.075  0.0
0.23  0.075  0.0
0.23500000000000001  0.075  0.0
0.24  0.075  0.0
0.245  0.075  0.0
0.25  0.075  0.0
0.255  0.075  0.0
0.26  0.075  0.0
0.265  0.075  0.0
0.27  0.075  0.0
0.275  0.075  0.0
0.28  0.075  0.0
0.28500000000000003  0.075  0.0
0.29  0.075  0.0
0.295  0.075  0.0
0.3  0.075  0.0
0.305  0.075  0.0
0.31  0.075  0.0
0.315  0.075  0.0
0.32  0.075  0.0
0.325  0.075  0.0
0.33  0.075  0.0
0.335  0.075  0.0
0.34  0.075  0.0
0.34500000000000003  0.075  0.0
0.35000000000000003  0.075  0.0
0.355  0.075  0.0
0.36  0.075  0.0
0.365  0.075  0.0
0.37  0.075  0.0
0.375  0.075  0.0
0.38  0.075  0.0
0.385  0.075  0.0
0.39  0.075  0.0
0.395  0.075  0.0
0.4  0.075  0.0
0.405  0.075  0.0
0.41000000000000003  0.075  0.0
0.41500000000000004  0.075  0.0
0.42  0.075  0.0
0.425  0.075  0.0
0.43  0.075  0.0
0.435  0.075  0.0
0.44  0.075  0.0
0.445  0.075  0.0
0.45  0.075  0.0
0.455  0.075  0.0
0.46  0.075  0.0
0.465  0.075  0.0
0.47000000000000003  0.075  0.0
0.47500000000000003  0.075  0.0
0.48  0.075  0.0
0.485  0.075  0.0
0.49  0.075  0.0
0.495  0.075  0.0
0.5  0.075  327.2727272727838
0.505  0.075  0.0
0.51  0.075  0.0
0.515  0.075  0.0
0.52  0.075  0.0
0.525  0.075  0.0
0.53  0.075  0.0
0.535  0.075  0.0
0.54  0.075  0.0
0.545  0.075  0.0
0.55  0.075  0.0
0.555  0.075  0.0
0.56  0.075  0.0
0.5650000000000001  0.075  0.0
0.5700000000000001  0.075  0.0
0.5750000000000001  0.075  0.0
0.58  0.075  0.0
0.585  0.075  0.0
0.59  0.075  0.0
0.595  0.075  0.0
0.6  0.075  0.0
0.605  0.075  0.0
0.61  0.075  0.0
0.615  0.075  0.0
0.62  0.075  0.0
0.625  0.075  0.0
0.63  0.075  0.0
0.635  0.075  0.0
0.64  0.075  0.0
0.645  0.075  0.0
0.65  0.075  0.0
0.655  0.075  0.0
0.66  0.075  0.0
0.665  0.075  0.0
0.67  0.075  0.0
0.675  0.075  0.0
0.68  0.075  0.0
0.685  0.075  0.0
0.6900000000000001  0.075  0.0
0.6950000000000001  0.075  0.0
0.7000000000000001  0.075  0.0
0.705  0.075  0.0
0.71  0.075  0.0
0.715  0.075  0.0
0.72  0.075  0.0
0.725  0.075  0.0
0.73  0.075  0.0
0.735  0.075  0.0
0.74  0.075  0.0
0.745  0.075  0.0
0.75  0.075  0.0
0.755  0.075  0.0
0.76  0.075  0.0
0.765  0.075  0.0
0.77  0.075  0.0
0.775  0.075  0.0
0.78  0.075  0.0
0.785  0.075  0.0
0.79  0.075  0.0
0.795  0.075  0.0
0.8  0.075  0.0
0.805  0.075  0.0
0.81  0.075  0.0
0.8150000000000001  0.075  0.0
0.8200000000000001  0.075  0.0
0.8250000000000001  0.075  0.0
0.8300000000000001  0.075  0.0
0.835  0.075  0.0
0.84  0.075  0.0
0.845  0.075  0.0
0.85  0.075  0.0
0.855  0.075  0.0
0.86  0.075  0.0
0.865  0.075  0.0
0.87  0.075  0.0
0.875  0.075  0.0
0.88  0.075  0.0
0.885  0.075  0.0
0.89  0.075  0.0
0.895  0.075  0.0
0.9  0.075  0.0
0.905  0.075  0.0
0.91  0.075  0.0
0.915  0.075  0.0
0.92  0.075  0.0
0.925  0.075  0.0
0.93  0.075  0.0
0.935  0.075  0.0
0.9400000000000001  0.075  0.0
0.9450000000000001  0.075  0.0
0.9500000000000001  0.075  0.0
0.9550000000000001  0.075  0.0
0.96  0.075  0.0
0.965  0.075  0.0
0.97  0.075  0.0
0.975  0.075  0.0
0.98  0.075  0.0
0.985  0.075  0.0
0.99  0.075  0.0
0.995  0.075  0.0
1.0  0.075  0.0
1.0050000000000001  0.075  400.0000000001919
0.005  0.08  -399.9999999999993
0.01  0.08  0.0
0.015  0.08  0.0
0.02  0.08  0.0
0.025  0.08  0.0
0.03  0.08  0.0
0.035  0.08  0.0
0.04  0.08  0.0
0.045  0.08  0.0
0.05  0.08  0.0
0.055  0.08  0.0
0.06  0.08  0.0
0.065  0.08  0.0
0.07  0.08  0.0
0.075  0.08  0.0
0.08  0.08  0.0
0.085  0.08  0.0
0.09  0.08  0.0
0.095  0.08  0.0
0.1  0.08  0.0
0.105  0.08  0.0
0.11  0.08  0.0
0.115  0.08  0.0
0.12  0.08  0.0
0.125  0.08  0.0
0.13  0.08  0.0
0.135  0.08  0.0
0.14  0.08  0.0
0.145  0.08  0.0
0.15  0.08  0.0
0.155  0.08  0.0
0.16  0.08  0.0
0.165  0.08  0.0
0.17  0.08  0.0
0.17500000000000002  0.08  0.0
0.18  0.08  0.0
0.185  0.08  0.0
0.19  0.08  0.0
0.195  0.08  0.0
0.2  0.08  0.0
0.20500000000000002  0.08  0.0
0.21  0.08  0.0
0.215  0.08  0.0
0.22  0.08  0.0
0.225  0.08  0.0
0.23  0.08  0.0
0.23500000000000001  0.08  0.0
0.24  0.08  0.0
0.245  0.08  0.0
0.25  0.08  0.0
0.255  0.08  0.0
0.26  0.08  0.0
0.265  0.08  0.0
0.27  0.08  0.0
0.275  0.08  0.0
0.28  0.08  0.0
0.28500000000000003  0.08  0.0
0.29  0.08  0.0
0.295  0.08  0.0
0.3  0.08  0.0
0.305  0.08  0.0
0.31  0.08  0.0
0.315  0.08  0.0
0.32  0.08  0.0
0.325  0.08  0.0
0.33  0.08  0.0
0.335  0.08  0.0
0.34  0.08  0.0
0.34500000000000003  0.08  0.0
0.35000000000000003  0.08  0.0
0.355  0.08  0.0
0.36  0.08  0.0
0.365  0.08  0.0
0.37  0.08  0.0
0.375  0.08  0.0
0.38  0.08  0.0
0.385  0.08  0.0
0.39  0.08  0.0
0.395  0.08  0.0
0.4  0.08  0.0
0.405  0.08  0.0
0.41000000000000003  0.08  0.0
0.41500000000000004  0.08  0.0
0.42  0.08  0.0
0.425  0.08  0.0
0.43  0.08  0.0
0.435  0.08  0.0
0.44  0.08  0.0
0.445  0.08  0.0
0.45  0.08  0.0
0.455  0.08  0.0
0.46  0.08  0.0
0.465  0.08  0.0
0.47000000000000003  0.08  0.0
0.47500000000000003  0.08  0.0
0.48  0.08  0.0
0.485  0.08  0.0
0.49  0.08  0.0
0.495  0.08  0.0
0.5  0.08  327.2727272726976
0.505  0.08  0.0
0.51  0.08  0.0
0.515  0.08  0.0
0.52  0.08  0.0
0.525  0.08  0.0
0.53  0.08  0.0
0.535  0.08  0.0
0.54  0.08  0.0
0.545  0.08  0.0
0.55  0.08  0.0
0.555  0.08  0.0
0.56  0.08  0.0
0.5650000000000001  0.08  0.0
0.5700000000000001  0.08  0.0
0.5750000000000001  0.08  0.0
0.58  0.08  0.0
0.585  0.08  0.0
0.59  0.08  0.0
0.595  0.08  0.0
0.6  0.08  0.0
0.605  0.08  0.0
0.61  0.08  0.0
0.615  0.08  0.0
0.62  0.08  0.0
0.625  0.08  0.0
0.63  0.08  0.0
0.635  0.08  0.0
0.64  0.08  0.0
0.645  0.08  0.0
0.65  0.08  0.0
0.655  0.08  0.0
0.66  0.08  0.0
0.665  0.08  0.0
0.67  0.08  0.0
0.675  0.08  0.0
0.68  0.08  0.0
0.685  0.08  0.0
0.6900000000000001  0.08  0.0
0.6950000000000001  0.08  0.0
0.7000000000000001  0.08  0.0
0.705  0.08  0.0
0.71  0.08  0.0
0.715  0.08  0.0
0.72  0.08  0.0
0.725  0.08  0.0
0.73  0.08  0.0
0.735  0.08  0.0
0.74  0.08  0.0
0.745  0.08  0.0
0.75  0.08  0.0
0.755  0.08  0.0
0.76  0.08  0.0
0.765  0.08  0.0
0.77  0.08  0.0
0.775  0.08  0.0
0.78  0.08  0.0
0.785  0.08  0.0
0.79  0.08  0.0
0.795  0.08  0.0
0.8  0.08  0.0
0.805  0.08  0.0
0.81  0.08  0.0
0.8150000000000001  0.08  0.0
0.8200000000000001  0.08  0.0
0.8250000000000001  0.08  0.0
0.8300000000000001  0.08  0.0
0.835  0.08  0.0
0.84  0.08  0.0
0.845  0.08  0.0
0.85  0.08  0.0
0.855  0.08  0.0
0.86  0.08  0.0
0.865  0.08  0.0
0.87  0.08  0.0
0.875  0.08  0.0
0.88  0.08  0.0
0.885  0.08  0.0
0.89  0.08  0.0
0.895  0.08  0.0
0.9  0.08  0.0
0.905  0.08  0.0
0.91  0.08  0.0
0.915  0.08  0.0
0.92  0.08  0.0
0.925  0.08  0.0
0.93  0.08  0.0
0.935  0.08  0.0
0.9400000000000001  0.08  0.0
0.9450000000000001  0.08  0.0
0.9500000000000001  0.08  0.0
0.9550000000000001  0.08  0.0
0.96  0.08  0.0
0.965  0.08  0.0
0.97  0.08  0.0
0.975  0.08  0.0
0.98  0.08  0.0
0.985  0.08  0.0
0.99  0.08  0.0
0.995  0.08  0.0
1.0  0.08  0.0
1.0050000000000001  0.08  399.9999999998963
0.005  0.085  -400.0000000000017
0.01  0.085  0.0
0.015  0.085  0.0
0.02  0.085  0.0
0.025  0.085  0.0
0.03  0.085  0.0
0.035  0.085  0.0
0.04  0.085  0.0
0.045  0.085  0.0
0.05  0.085  0.0
0.055  0.085  0.0
0.06  0.085  0.0
0.065  0.085  0.0
0.07  0.085  0.0
0.075  0.085  0.0
0.08  0.085  0.0
0.085  0.085  0.0
0.09  0.085  0.0
0.095  0.085  0.0
0.1  0.085  0.0
0.105  0.085  0.0
0.11  0.085  0.0
0.115  0.085  0.0
0.12  0.085  0.0
0.125  0.085  0.0
0.13  0.085  0.0
0.135  0.085  0.0
0.14  0.085  0.0
0.145  0.085  0.0
0.15  0.085  0.0
0.155  0.085  0.0
0.16  0.085  0.0
0.165  0.085  0.0
0.17  0.085  0.0
0.17500000000000002  0.085  0.0
0.18  0.085  0.0
0.185  0.085  0.0
0.19  0.085  0.0
0.195  0.085  0.0
0.2  0.085  0.0
0.20500000000000002  0.085  0.0
0.21  0.085  0.0
0.215  0.085  0.0
0.22  0.085  0.0
0.225  0.085  0.0
0.23  0.085  0.0
0.23500000000000001  0.085  0.0
0.24  0.085  0.0
0.245  0.085  0.0
0.25  0.085  0.0
0.255  0.085  0.0
0.26  0.085  0.0
0.265  0.085  0.0
0.27  0.085  0.0
0.275  0.085  0.0
0.28  0.085  0.0
0.28500000000000003  0.085  0.0
0.29  0.085  0.0
0.295  0.085  0.0
0.3  0.085  0.0
0.305  0.085  0.0
0.31  0.085  0.0
0.315  0.085  0.0
0.32  0.085  0.0
0.325  0.085  0.0
0.33  0.085  0.0
0.335  0.085  0.0
0.34  0.085  0.0
0.34500000000000003  0.085  0.0
0.35000000000000003  0.085  0.0
0.355  0.085  0.0
0.36  0.085  0.0
0.365  0.085  0.0
0.37  0.085  0.0
0.375  0.085  0.0
0.38  0.085  0.0
0.385  0.085  0.0
0.39  0.085  0.0
0.395  0.085  0.0
0.4  0.085  0.0
0.405  0.085  0.0
0.41000000000000003  0.085  0.0
0.41500000000000004  0.085  0.0
0.42  0.085  0.0
0.425  0.085  0.0
0.43  0.085  0.0
0.435  0.085  0.0
0.44  0.085  0.0
0.445  0.085  0.0
0.45  0.085  0.0
0.455  0.085  0.0
0.46  0.085  0.0
0.465  0.085  0.0
0.47000000000000003  0.085  0.0
0.47500000000000003  0.085  0.0
0.48  0.085  0.0
0.485  0.085  0.0
0.49  0.085  0.0
0.495  0.085  0.0
0.5  0.085  327.27272727267786
0.505  0.085  0.0
0.51  0.085  0.0
0.515  0.085  0.0
0.52  0.085  0.0
0.525  0.085  0.0
0.53  0.085  0.0
0.535  0.085  0.0
0.54  0.085  0.0
0.545  0.085  0.0
0.55  0.085  0.0
0.555  0.085  0.0
0.56  0.085  0.0
0.5650000000000001  0.085  0.0
0.5700000000000001  0.085  0.0
0.5750000000000001  0.085  0.0
0.58  0.085  0.0
0.585  0.085  0.0
0.59  0.085  0.0
0.595  0.085  0.0
0.6  0.085  0.0
0.605  0.085  0.0
0.61  0.085  0.0
0.615  0.085  0.0
0.62  0.085  0.0
0.625  0.085  0.0
0.63  0.085  0.0
0.635  0.085  0.0
0.64  0.085  0.0
0.645  0.085  0.0
0.65  0.085  0.0
0.655  0.085  0.0
0.66  0.085  0.0
0.665  0.085  0.0
0.67  0.085  0.0
0.675  0.085  0.0
0.68  0.085  0.0
0.685  0.085  0.0
0.6900000000000001  0.085  0.0
0.6950000000000001  0.085  0.0
0.7000000000000001  0.085  0.0
0.705  0.085  0.0
0.71  0.085  0.0
0.715  0.085  0.0
0.72  0.085  0.0
0.725  0.085  0.0
0.73  0.085  0.0
0.735  0.085  0.0
0.74  0.085  0.0
0.745  0.085  0.0
0.75  0.085  0.0
0.755  0.085  0.0
0.76  0.085  0.0
0.765  0.085  0.0
0.77  0.085  0.0
0.775  0.085  0.0
0.78  0.085  0.0
0.785  0.085  0.0
0.79  0.085  0.0
0.795  0.085  0.0
0.8  0.085  0.0
0.805  0.085  0.0
0.81  0.085  0.0
0.8150000000000001  0.085  0.0
0.8200000000000001  0.085  0.0
0.8250000000000001  0.085  0.0
0.8300000000000001  0.085  0.0
0.835  0.085  0.0
0.84  0.085  0.0
0.845  0.085  0.0
0.85  0.085  0.0
0.855  0.085  0.0
0.86  0.085  0.0
0.865  0.085  0.0
0.87  0.085  0.0
0.875  0.085  0.0
0.88  0.085  0.0
0.885  0.085  0.0
0.89  0.085  0.0
0.895  0.085  0.0
0.9  0.085  0.0
0.905  0.085  0.0
0.91  0.085  0.0
0.915  0.085  0.0
0.92  0.085  0.0
0.925  0.085  0.0
0.93  0.085  0.0
0.935  0.085  0.0
0.9400000000000001  0.085  0.0
0.9450000000000001  0.085  0.0
0.9500000000000001  0.085  0.0
0.9550000000000001  0.085  0.0
0.96  0.085  0.0
0.965  0.085  0.0
0.97  0.085  0.0
0.975  0.085  0.0
0.98  0.085  0.0
0.985  0.085  0.0
0.99  0.085  0.0
0.995  0.085  0.0
1.0  0.085  0.0
1.0050000000000001  0.085  400.0000000000438
0.005  0.09  -399.99999999999903
0.01  0.09  0.0
0.015  0.09  0.0
0.02  0.09  0.0
0.025  0.09  0.0
0.03  0.09  0.0
0.035  0.09  0.0
0.04  0.09  0.0
0.045  0.09  0.0
0.05  0.09  0.0
0.055  0.09  0.0
0.06  0.09  0.0
0.065  0.09  0.0
0.07  0.09  0.0
0.075  0.09  0.0
0.08  0.09  0.0
0.085  0.09  0.0
0.09  0.09  0.0
0.095  0.09  0.0
0.1  0.09  0.0
0.105  0.09  0.0
0.11  0.09  0.0
0.115  0.09  0.0
0.12  0.09  0.0
0.125  0.09  0.0
0.13  0.09  0.0
0.135  0.09  0.0
0.14  0.09  0.0
0.145  0.09  0.0
0.15  0.09  0.0
0.155  0.09  0.0
0.16  0.09  0.0
0.165  0.09  0.0
0.17  0.09  0.0
0.17500000000000002  0.09  0.0
0.18  0.09  0.0
0.185  0.09  0.0
0.19  0.09  0.0
0.195  0.09  0.0
0.2  0.09  0.0
0.20500000000000002  0.09  0.0
0.21  0.09  0.0
0.215  0.09  0.0
0.22  0.09  0.0
0.225  0.09  0.0
0.23  0.09  0.0
0.23500000000000001  0.09  0.0
0.24  0.09  0.0
0.245  0.09  0.0
0.25  0.09  0.0
0.255  0.09  0.0
0.26  0.09  0.0
0.265  0.09  0.0
0.27  0.09  0.0
0.275  0.09  0.0
0.28  0.09  0.0
0.28500000000000003  0.09  0.0
0.29  0.09  0.0
0.295  0.09  0.0
0.3  0.09  0.0
0.305  0.09  0.0
0.31  0.09  0.0
0.315  0.09  0.0
0.32  0.09  0.0
0.325  0.09  0.0
0.33  0.09  0.0
0.335  0.09  0.0
0.34  0.09  0.0
0.34500000000000003  0.09  0.0
0.35000000000000003  0.09  0.0
0.355  0.09  0.0
0.36  0.09  0.0
0.365  0.09  0.0
0.37  0.09  0.0
0.375  0.09  0.0
0.38  0.09  0.0
0.385  0.09  0.0
0.39  0.09  0.0
0.395  0.09  0.0
0.4  0.09  0.0
0.405  0.09  0.0
0.41000000000000003  0.09  0.0
0.41500000000000004  0.09  0.0
0.42  0.09  0.0
0.425  0.09  0.0
0.43  0.09  0.0
0.435  0.09  0.0
0.44  0.09  0.0
0.445  0.09  0.0
0.45  0.09  0.0
0.455  0.09  0.0
0.46  0.09  0.0
0.465  0.09  0.0
0.47000000000000003  0.09  0.0
0.47500000000000003  0.09  0.0
0.48  0.09  0.0
0.485  0.09  0.0
0.49  0.09  0.0
0.495  0.09  0.0
0.5  0.09  327.2727272727411
0.505  0.09  0.0
0.51  0.09  0.0
0.515  0.09  0.0
0.52  0.09  0.0
0.525  0.09  0.0
0.53  0.09  0.0
0.535  0.09  0.0
0.54  0.09  0.0
0.545  0.09  0.0
0.55  0.09  0.0
0.555  0.09  0.0
0.56  0.09  0.0
0.5650000000000001  0.09  0.0
0.5700000000000001  0.09  0.0
0.5750000000000001  0.09  0.0
0.58  0.09  0.0
0.585  0.09  0.0
0.59  0.09  0.0
0.595  0.09  0.0
0.6  0.09  0.0
0.605  0.09  0.0
0.61  0.09  0.0
0.615  0.09  0.0
0.62  0.09  0.0
0.625  0.09  0.0
0.63  0.09  0.0
0.635  0.09  0.0
0.64  0.09  0.0
0.645  0.09  0.0
0.65  0.09  0.0
0.655  0.09  0.0
0.66  0.09  0.0
0.665  0.09  0.0
0.67  0.09  0.0
0.675  0.09  0.0
0.68  0.09  0.0
0.685  0.09  0.0
0.6900000000000001  0.09  0.0
0.6950000000000001  0.09  0.0
0.7000000000000001  0.09  0.0
0.705  0.09  0.0
0.71  0.09  0.0
0.715  0.09  0.0
0.72  0.09  0.0
0.725  0.09  0.0
0.73  0.09  0.0
0.735  0.09  0.0
0.74  0.09  0.0
0.745  0.09  0.0
0.75  0.09  0.0
0.755  0.09  0.0
0.76  0.09  0.0
0.765  0.09  0.0
0.77  0.09  0.0
0.775  0.09  0.0
0.78  0.09  0.0
0.785  0.09  0.0
0.79  0.09  0.0
0.795  0.09  0.0
0.8  0.09  0.0
0.805  0.09  0.0
0.81  0.09  0.0
0.8150000000000001  0.09  0.0
0.8200000000000001  0.09  0.0
0.8250000000000001  0.09  0.0
0.8300000000000001  0.09  0.0
0.835  0.09  0.0
0.84  0.09  0.0
0.845  0.09  0.0
0.85  0.09  0.0
0.855  0.09  0.0
0.86  0.09  0.0
0.865  0.09  0.0
0.87  0.09  0.0
0.875  0.09  0.0
0.88  0.09  0.0
0.885  0.09  0.0
0.89  0.09  0.0
0.895  0.09  0.0
0.9  0.09  0.0
0.905  0.09  0.0
0.91  0.09  0.0
0.915  0.09  0.0
0.92  0.09  0.0
0.925  0.09  0.0
0.93  0.09  0.0
0.935  0.09  0.0
0.9400000000000001  0.09  0.0
0.9450000000000001  0.09  0.0
0.9500000000000001  0.09  0.0
0.9550000000000001  0.09  0.0
0.96  0.09  0.0
0.965  0.09  0.0
0.97  0.09  0.0
0.975  0.09  0.0
0.98  0.09  0.0
0.985  0.09  0.0
0.99  0.09  0.0
0.995  0.09  0.0
1.0  0.09  0.0
1.0050000000000001  0.09  400.0000000003029
0.005  0.095  -399.99999999999983
0.01  0.095  0.0
0.015  0.095  0.0
0.02  0.095  0.0
0.025  0.095  0.0
0.03  0.095  0.0
0.035  0.095  0.0
0.04  0.095  0.0
0.045  0.095  0.0
0.05  0.095  0.0
0.055  0.095  0.0
0.06  0.095  0.0
0.065  0.095  0.0
0.07  0.095  0.0
0.075  0.095  0.0
0.08  0.095  0.0
0.085  0.095  0.0
0.09  0.095  0.0
0.095  0.095  0.0
0.1  0.095  0.0
0.105  0.095  0.0
0.11  0.095  0.0
0.115  0.095  0.0
0.12  0.095  0.0
0.125  0.095  0.0
0.13  0.095  0.0
0.135  0.095  0.0
0.14  0.095  0.0
0.145  0.095  0.0
0.15  0.095  0.0
0.155  0.095  0.0
0.16  0.095  0.0
0.165  0.095  0.0
0.17  0.095  0.0
0.17500000000000002  0.095  0.0
0.18  0.095  0.0
0.185  0.095  0.0
0.19  0.095  0.0
0.195  0.095  0.0
0.2  0.095  0.0
0.20500000000000002  0.095  0.0
0.21  0.095  0.0
0.215  0.095  0.0
0.22  0.095  0.0
0.225  0.095  0.0
0.23  0.095  0.0
0.23500000000000001  0.095  0.0
0.24  0.095  0.0
0.245  0.095  0.0
0.25  0.095  0.0
0.255  0.095  0.0
0.26  0.095  0.0
0.265  0.095  0.0
0.27  0.095  0.0
0.275  0.095  0.0
0.28  0.095  0.0
0.28500000000000003  0.095  0.0
0.29  0.095  0.0
0.295  0.095  0.0
0.3  0.095  0.0
0.305  0.095  0.0
0.31  0.095  0.0
0.315  0.095  0.0
0.32  0.095  0.0
0.325  0.095  0.0
0.33  0.095  0.0
0.335  0.095  0.0
0.34  0.095  0.0
0.34500000000000003  0.095  0.0
0.35000000000000003  0.095  0.0
0.355  0.095  0.0
0.36  0.095  0.0
0.365  0.095  0.0
0.37  0.095  0.0
0.375  0.095  0.0
0.38  0.095  0.0
0.385  0.095  0.0
0.39  0.095  0.0
0.395  0.095  0.0
0.4  0.095  0.0
0.405  0.095  0.0
0.41000000000000003  0.095  0.0
0.41500000000000004  0.095  0.0
0.42  0.095  0.0
0.425  0.095  0.0
0.43  0.095  0.0
0.435  0.095  0.0
0.44  0.095  0.0
0.445  0.095  0.0
0.45  0.095  0.0
0.455  0.095  0.0
0.46  0.095  0.0
0.465  0.095  0.0
0.47000000000000003  0.095  0.0
0.47500000000000003  0.095  0.0
0.48  0.095  0.0
0.485  0.095  0.0
0.49  0.095  0.0
0.495  0.095  0.0
0.5  0.095  327.2727272729301
0.505  0.095  0.0
0.51  0.095  0.0
0.515  0.095  0.0
0.52  0.095  0.0
0.525  0.095  0.0
0.53  0.095  0.0
0.535  0.095  0.0
0.54  0.095  0.0
0.545  0.095  0.0
0.55  0.095  0.0
0.555  0.095  0.0
0.56  0.095  0.0
0.5650000000000001  0.095  0.0
0.5700000000000001  0.095  0.0
0.5750000000000001  0.095  0.0
0.58  0.095  0.0
0.585  0.095  0.0
0.59  0.095  0.0
0.595  0.095  0.0
0.6  0.095  0.0
0.605  0.095  0.0
0.61  0.095  0.0
0.615  0.095  0.0
0.62  0.095  0.0
0.625  0.095  0.0
0.63  0.095  0.0
0.635  0.095  0.0
0.64  0.095  0.0
0.645  0.095  0.0
0.65  0.095  0.0
0.655  0.095  0.0
0.66  0.095  0.0
0.665  0.095  0.0
0.67  0.095  0.0
0.675  0.095  0.0
0.68  0.095  0.0
0.685  0.095  0.0
0.6900000000000001  0.095  0.0
0.6950000000000001  0.095  0.0
0.7000000000000001  0.095  0.0
0.705  0.095  0.0
0.71  0.095  0.0
0.715  0.095  0.0
0.72  0.095  0.0
0.725  0.095  0.0
0.73  0.095  0.0
0.735  0.095  0.0
0.74  0.095  0.0
0.745  0.095  0.0
0.75  0.095  0.0
0.755  0.095  0.0
0.76  0.095  0.0
0.765  0.095  0.0
0.77  0.095  0.0
0.775  0.095  0.0
0.78  0.095  0.0
0.785  0.095  0.0
0.79  0.095  0.0
0.795  0.095  0.0
0.8  0.095  0.0
0.805  0.095  0.0
0.81  0.095  0.0
0.8150000000000001  0.095  0.0
0.8200000000000001  0.095  0.0
0.8250000000000001  0.095  0.0
0.8300000000000001  0.095  0.0
0.835  0.095  0.0
0.84  0.095  0.0
0.845  0.095  0.0
0.85  0.095  0.0
0.855  0.095  0.0
0.86  0.095  0.0
0.865  0.095  0.0
0.87  0.095  0.0
0.875  0.095  0.0
0.88  0.095  0.0
0.885  0.095  0.0
0.89  0.095  0.0
0.895  0.095  0.0
0.9  0.095  0.0
0.905  0.095  0.0
0.91  0.095  0.0
0.915  0.095  0.0
0.92  0.095  0.0
0.925  0.095  0.0
0.93  0.095  0.0
0.935  0.095  0.0
0.9400000000000001  0.095  0.0
0.9450000000000001  0.095  0.0
0.9500000000000001  0.095  0.0
0.9550000000000001  0.095  0.0
0.96  0.095  0.0
0.965  0.095  0.0
0.97  0.095  0.0
0.975  0.095  0.0
0.98  0.095  0.0
0.985  0.095  0.0
0.99  0.095  0.0
0.995  0.095  0.0
1.0  0.095  0.0
1.0050000000000001  0.095  400.0000000002664
0.005  0.1  -399.9999999999996
0.01  0.1  0.0
0.015  0.1  0.0
0.02  0.1  0.0
0.025  0.1  0.0
0.03  0.1  0.0
0.035  0.1  0.0
0.04  0.1  0.0
0.045  0.1  0.0
0.05  0.1  0.0
0.055  0.1  0.0
0.06  0.1  0.0
0.065  0.1  0.0
0.07  0.1  0.0
0.075  0.1  0.0
0.08  0.1  0.0
0.085  0.1  0.0
0.09  0.1  0.0
0.095  0.1  0.0
0.1  0.1  0.0
0.105  0.1  0.0
0.11  0.1  0.0
0.115  0.1  0.0
0.12  0.1  0.0
0.125  0.1  0.0
0.13  0.1  0.0
0.135  0.1  0.0
0.14  0.1  0.0
0.145  0.1  0.0
0.15  0.1  0.0
0.155  0.1  0.0
0.16  0.1  0.0
0.165  0.1  0.0
0.17  0.1  0.0
0.17500000000000002  0.1  0.0
0.18  0.1  0.0
0.185  0.1  0.0
0.19  0.1  0.0
0.195  0.1  0.0
0.2  0.1  0.0
0.20500000000000002  0.1  0.0
0.21  0.1  0.0
0.215  0.1  0.0
0.22  0.1  0.0
0.225  0.1  0.0
0.23  0.1  0.0
0.23500000000000001  0.1  0.0
0.24  0.1  0.0
0.245  0.1  0.0
0.25  0.1  0.0
0.255  0.1  0.0
0.26  0.1  0.0
0.265  0.1  0.0
0.27  0.1  0.0
0.275  0.1  0.0
0.28  0.1  0.0
0.28500000000000003  0.1  0.0
0.29  0.1  0.0
0.295  0.1  0.0
0.3  0.1  0.0
0.305  0.1  0.0
0.31  0.1  0.0
0.315  0.1  0.0
0.32  0.1  0.0
0.325  0.1  0.0
0.33  0.1  0.0
0.335  0.1  0.0
0.34  0.1  0.0
0.34500000000000003  0.1  0.0
0.35000000000000003  0.1  0.0
0.355  0.1  0.0
0.36  0.1  0.0
0.365  0.1  0.0
0.37  0.1  0.0
0.375  0.1  0.0
0.38  0.1  0.0
0.385  0.1  0.0
0.39  0.1  0.0
0.395  0.1  0.0
0.4  0.1  0.0
0.405  0.1  0.0
0.41000000000000003  0.1  0.0
0.41500000000000004  0.1  0.0
0.42  0.1  0.0
0.425  0.1  0.0
0.43  0.1  0.0
0.435  0.1  0.0
0.44  0.1  0.0
0.445  0.1  0.0
0.45  0.1  0.0
0.455  0.1  0.0
0.46  0.1  0.0
0.465  0.1  0.0
0.47000000000000003  0.1  0.0
0.47500000000000003  0.1  0.0
0.48  0.1  0.0
0.485  0.1  0.0
0.49  0.1  0.0
0.495  0.1  0.0
0.5  0.1  327.2727272730026
0.505  0.1  0.0
0.51  0.1  0.0
0.515  0.1  0.0
0.52  0.1  0.0
0.525  0.1  0.0
0.53  0.1  0.0
0.535  0.1  0.0
0.54  0.1  0.0
0.545  0.1  0.0
0.55  0.1  0.0
0.555  0.1  0.0
0.56  0.1  0.0
0.5650000000000001  0.1  0.0
0.5700000000000001  0.1  0.0
0.5750000000000001  0.1  0.0
0.58  0.1  0.0
0.585  0.1  0.0
0.59  0.1  0.0
0.595  0.1  0.0
0.6  0.1  0.0
0.605  0.1  0.0
0.61  0.1  0.0
0.615  0.1  0.0
0.62  0.1  0.0
0.625  0.1  0.0
0.63  0.1  0.0
0.635  0.1  0.0
0.64  0.1  0.0
0.645  0.1  0.0
0.65  0.1  0.0
0.655  0.1  0.0
0.66  0.1  0.0
0.665  0.1  0.0
0.67  0.1  0.0
0.675  0.1  0.0
0.68  0.1  0.0
0.685  0.1  0.0
0.6900000000000001  0.1  0.0
0.6950000000000001  0.1  0.0
0.7000000000000001  0.1  0.0
0.705  0.1  0.0
0.71  0.1  0.0
0.715  0.1  0.0
0.72  0.1  0.0
0.725  0.1  0.0
0.73  0.1  0.0
0.735  0.1  0.0
0.74  0.1  0.0
0.745  0.1  0.0
0.75  0.1  0.0
0.755  0.1  0.0
0.76  0.1  0.0
0.765  0.1  0.0
0.77  0.1  0.0
0.775  0.1  0.0
0.78  0.1  0.0
0.785  0.1  0.0
0.79  0.1  0.0
0.795  0.1  0.0
0.8  0.1  0.0
0.805  0.1  0.0
0.81  0.1  0.0
0.8150000000000001  0.1  0.0
0.8200000000000001  0.1  0.0
0.8250000000000001  0.1  0.0
0.8300000000000001  0.1  0.0
0.835  0.1  0.0
0.84  0.1  0.0
0.845  0.1  0.0
0.85  0.1  0.0
0.855  0.1  0.0
0.86  0.1  0.0
0.865  0.1  0.0
0.87  0.1  0.0
0.875  0.1  0.0
0.88  0.1  0.0
0.885  0.1  0.0
0.89  0.1  0.0
0.895  0.1  0.0
0.9  0.1  0.0
0.905  0.1  0.0
0.91  0.1  0.0
0.915  0.1  0.0
0.92  0.1  0.0
0.925  0.1  0.0
0.93  0.1  0.0
0.935  0.1  0.0
0.9400000000000001  0.1  0.0
0.9450000000000001  0.1  0.0
0.9500000000000001  0.1  0.0
0.9550000000000001  0.1  0.0
0.96  0.1  0.0
0.965  0.1  0.0
0.97  0.1  0.0
0.975  0.1  0.0
0.98  0.1  0.0
0.985  0.1  0.0
0.99  0.1  0.0
0.995  0.1  0.0
1.0  0.1  0.0
1.0050000000000001  0.1  400.0000000004139
0.005  0.105  -400.0000000000028
0.01  0.105  0.0
0.015  0.105  0.0
0.02  0.105  0.0
0.025  0.105  0.0
0.03  0.105  0.0
0.035  0.105  0.0
0.04  0.105  0.0
0.045  0.105  0.0
0.05  0.105  0.0
0.055  0.105  0.0
0.06  0.105  0.0
0.065  0.105  0.0
0.07  0.105  0.0
0.075  0.105  0.0
0.08  0.105  0.0
0.085  0.105  0.0
0.09  0.105  0.0
0.095  0.105  0.0
0.1  0.105  0.0
0.105  0.105  0.0
0.11  0.105  0.0
0.115  0.105  0.0
0.12  0.105  0.0
0.125  0.105  0.0
0.13  0.105  0.0
0.135  0.105  0.0
0.14  0.105  0.0
0.145  0.105  0.0
0.15  0.105  0.0
0.155  0.105  0.0
0.16  0.105  0.0
0.165  0.105  0.0
0.17  0.105  0.0
0.17500000000000002  0.105  0.0
0.18  0.105  0.0
0.185  0.105  0.0
0.19  0.105  0.0
0.195  0.105  0.0
0.2  0.105  0.0
0.20500000000000002  0.105  0.0
0.21  0.105  0.0
0.215  0.105  0.0
0.22  0.105  0.0
0.225  0.105  0.0
0.23  0.105  0.0
0.23500000000000001  0.105  0.0
0.24  0.105  0.0
0.245  0.105  0.0
0.25  0.105  0.0
0.255  0.105  0.0
0.26  0.105  0.0
0.265  0.105  0.0
0.27  0.105  0.0
0.275  0.105  0.0
0.28  0.105  0.0
0.28500000000000003  0.105  0.0
0.29  0.105  0.0
0.295  0.105  0.0
0.3  0.105  0.0
0.305  0.105  0.0
0.31  0.105  0.0
0.315  0.105  0.0
0.32  0.105  0.0
0.325  0.105  0.0
0.33  0.105  0.0
0.335  0.105  0.0
0.34  0.105  0.0
0.34500000000000003  0.105  0.0
0.35000000000000003  0.105  0.0
0.355  0.105  0.0
0.36  0.105  0.0
0.365  0.105  0.0
0.37  0.105  0.0
0.375  0.105  0.0
0.38  0.105  0.0
0.385  0.105  0.0
0.39  0.105  0.0
0.395  0.105  0.0
0.4  0.105  0.0
0.405  0.105  0.0
0.41000000000000003  0.105  0.0
0.41500000000000004  0.105  0.0
0.42  0.105  0.0
0.425  0.105  0.0
0.43  0.105  0.0
0.435  0.105  0.0
0.44  0.105  0.0
0.445  0.105  0.0
0.45  0.105  0.0
0.455  0.105  0.0
0.46  0.105  0.0
0.465  0.105  0.0
0.47000000000000003  0.105  0.0
0.47500000000000003  0.105  0.0
0.48  0.105  0.0
0.485  0.105  0.0
0.49  0.105  0.0
0.495  0.105  0.0
0.5  0.105  327.27272727269667
0.505  0.105  0.0
0.51  0.105  0.0
0.515  0.105  0.0
0.52  0.105  0.0
0.525  0.105  0.0
0.53  0.105  0.0
0.535  0.105  0.0
0.54  0.105  0.0
0.545  0.105  0.0
0.55  0.105  0.0
0.555  0.105  0.0
0.56  0.105  0.0
0.5650000000000001  0.105  0.0
0.5700000000000001  0.105  0.0
0.5750000000000001  0.105  0.0
0.58  0.105  0.0
0.585  0.105  0.0
0.59  0.105  0.0
0.595  0.105  0.0
0.6  0.105  0.0
0.605  0.105  0.0
0.61  0.105  0.0
0.615  0.105  0.0
0.62  0.105  0.0
0.625  0.105  0.0
0.63  0.105  0.0
0.635  0.105  0.0
0.64  0.105  0.0
0.645  0.105  0.0
0.65  0.105  0.0
0.655  0.105  0.0
0.66  0.105  0.0
0.665  0.105  0.0
0.67  0.105  0.0
0.675  0.105  0.0
0.68  0.105  0.0
0.685  0.105  0.0
0.6900000000000001  0.105  0.0
0.6950000000000001  0.105  0.0
0.7000000000000001  0.105  0.0
0.705  0.105  0.0
0.71  0.105  0.0
0.715  0.105  0.0
0.72  0.105  0.0
0.725  0.105  0.0
0.73  0.105  0.0
0.735  0.105  0.0
0.74  0.105  0.0
0.745  0.105  0.0
0.75  0.105  0.0
0.755  0.105  0.0
0.76  0.105  0.0
0.765  0.105  0.0
0.77  0.105  0.0
0.775  0.105  0.0
0.78  0.105  0.0
0.785  0.105  0.0
0.79  0.105  0.0
0.795  0.105  0.0
0.8  0.105  0.0
0.805  0.105  0.0
0.81  0.105  0.0
0.8150000000000001  0.105  0.0
0.8200000000000001  0.105  0.0
0.8250000000000001  0.105  0.0
0.8300000000000001  0.105  0.0
0.835  0.105  0.0
0.84  0.105  0.0
0.845  0.105  0.0
0.85  0.105  0.0
0.855  0.105  0.0
0.86  0.105  0.0
0.865  0.105  0.0
0.87  0.105  0.0
0.875  0.105  0.0
0.88  0.105  0.0
0.885  0.105  0.0
0.89  0.105  0.0
0.895  0.105  0.0
0.9  0.105  0.0
0.905  0.105  0.0
0.91  0.105  0.0
0.915  0.105  0.0
0.92  0.105  0.0
0.925  0.105  0.0
0.93  0.105  0.0
0.935  0.105  0.0
0.9400000000000001  0.105  0.0
0.9450000000000001  0.105  0.0
0.9500000000000001  0.105  0.0
0.9550000000000001  0.105  0.0
0.96  0.105  0.0
0.965  0.105  0.0
0.97  0.105  0.0
0.975  0.105  0.0
0.98  0.105  0.0
0.985  0.105  0.0
0.99  0.105  0.0
0.995  0.105  0.0
1.0  0.105  0.0
1.0050000000000001  0.105  400.00000000041337
