0.5032880885323072  0.4912279868306457
0.4912279868306472  0.5032880885323072
0.4761393012403722  0.5122452518080693
0.4581150585252507  0.5180442527673711
0.43726638413590146  0.5206493386413336
0.4137218170824841  0.520044448209033
0.38762651745007437  0.5162333108211414
0.35914137143881275  0.509239423407088
0.328441999446063  0.49910590560845636
0.2957176733087161  0.4858952339322502
0.26117014937912764  0.46968885656215686
0.22501242463097082  0.45058669120413963
0.18746742346062106  0.4287065090593778
0.14876662328533552  0.404183208726959
0.10914862740771092  0.37716798450825006
0.06885769394640562  0.3478273942438648
0.028142229904313254  0.31634233242957066
-0.012746740343125396  0.282906914941611
-0.053557122697694304  0.24772728224675777
-0.09403730758147955  0.2110203284790444
-0.13393772119323533  0.17301236421512378
-0.17301236421509003  0.13393772119320957
0.5152461496773999  0.5032880885323072
0.5032880885323072  0.5152461496774006
0.48822708896131606  0.5240275469731923
0.47015600703455096  0.5295781401847803
0.4491862569818039  0.5318637080596167
0.4254471242853177  0.530870159311716
0.39908496859190956  0.5266036194993222
0.3702623213578402  0.519090393259201
0.3391568837880681  0.5083768021296189
0.3059604312486943  0.49452889896255847
0.2708776309083145  0.4776320606857274
0.23412477989753988  0.45779046192603
0.1959284717643186  0.43512643273784946
0.15652419944973062  0.409779704397482
0.11615490339610357  0.38190654791405176
0.07506947373752393  0.35167881056582573
0.03352121581015055  0.319282856405418
-0.008233711559493706  0.2849184172630297
-0.04993787535939731  0.2487973613330734
-0.0913341555517233  0.2111423869370972
-0.13216733030345296  0.1721856495136027
-0.17218564951362847  0.1321673303034263
0.5271091246777084  0.5152461496773999
0.5152461496774006  0.527109124677708
0.5002065108277916  0.5357222966429647
0.4820829325031317  0.541032562503474
0.46098715259069367  0.5430071827045055
0.4370492335890144  0.5416339830561694
0.41041676072847055  0.536921429790596
0.3812539320605146  0.5288985773657942
0.34974054612166494  0.5176148893349737
0.31607089341565286  0.503139933387101
0.28045255854732076  0.4855629524387446
0.24310514039559994  0.46499231442254096
0.20425889821284837  0.44155484416240576
0.16415333199939486  0.4153950414559997
0.12303570590778268  0.38667419018623317
0.08115952377569613  0.35556936395168304
0.03878296619125887  0.32227233434966607
-0.003832701276485828  0.28698838863983234
-0.046424738866252646  0.24993506408070232
-0.08873055250300244  0.21134080673985967
-0.13048931277798026  0.17144356304727726
-0.1714435630473039  0.13048931277799092
0.5388833018140856  0.5271091246777084
0.527109124677708  0.5388833018140853
0.51208514450628  0.5473350841980349
0.49390398913323064  0.5524123637803326
0.4726777514273046  0.5540838374441432
0.4485372982027198  0.552339199998658
0.42163146338095236  0.5471892077137279
0.3921261303805368  0.5386656120042543
0.36020320939123396  0.5268209636723711
0.3260595158363948  0.5117282889136923
0.2899055569407052  0.4934806390870161
0.2519642338828456  0.47219051702127945
0.21246946753672624  0.4479891833989882
0.17166475626985989  0.42102584748937666
0.12980167469625137  0.3914667472246842
0.0871383226347815  0.35949412428752225
0.04393773383783994  0.32530510053025363
0.00046625430083757635  0.2891104626531007
-0.04300809984888421  0.2511333626347865
-0.08621729476117945  0.2116079419256529
-0.1288949313813781  0.17077788788763826
-0.1707778878876276  0.12889493138136388
0.550574385654035  0.5388833018140855
0.5388833018140854  0.550574385654035
0.5238698232217078  0.5588709953218993
0.5056265129647133  0.5637219794600299
0.484265847117344  0.5650974301382818
0.45991952128768077  0.5629888672456524
0.4327376386707953  0.5574092907738222
0.4028877846113845  0.5483931006668534
0.37055399338605444  0.5359958847350565
0.3359356135698697  0.5202940759371382
0.29924607898627276  0.5013844811458865
0.2607115928160981  0.47938368430091494
0.22056973298091886  0.45442732763116567
0.17906798739493723  0.426669275374004
0.1364622281205401  0.3962806651522097
0.0930151338315639  0.3634488528532476
0.048994570311787555  0.3283762575173341
0.004671938973606515  0.2912791133575263
-0.03967949642190227  0.25238613660379894
-0.08378629452703024  0.21193711539110183
-0.12737652226464302  0.1701814313858172
-0.17018143138583142  0.12737652226464036
0.5621875670738238  0.550574385654035
0.550574385654035  0.5621875670738258
0.5355667300621589  0.5703346751961353
0.5172571274856024  0.5749654803905024
0.4957584627124927  0.5760514322027732
0.4712032821602232  0.5735858353788537
0.4437429766826493  0.5675838911432831
0.4135468481943656  0.558082603478077
0.38080106586836404  0.5451405509809781
0.34570751834221447  0.5288375257094833
0.3084825690062729  0.5092740412358276
0.26935572205136005  0.48657071294701293
0.22856820750025086  0.4608675144118273
0.1863714939430956  0.4323229143961296
0.14302573815101738  0.40111289985126763
0.09879818112252003  0.3674298908953686
0.05396150045352943  0.3314815544791241
0.00879212919018979  0.2934895240506794
-0.03643144847327395  0.253688033111354
-0.08143041414215446  0.21232247108809155
-0.12592733422930458  0.16964787042633933
-0.169647870426342  0.125927334229325
0.5737275829213155  0.5621875670738239
0.5621875670738257  0.5737275829213133
0.5471814779288571  0.5817303774361111
0.5288018330165503  0.5861466107293973
0.5071619489589783  0.5869490552538155
0.4823952428375309  0.584132763672168
0.4546544096313383  0.5777150993586502
0.42411048080207614  0.5677356293479705
0.39095176982737323  0.5542558803909801
0.35538271118686726  0.5373589596224368
0.31762259995560527  0.5171490421781595
0.27790423977512635  0.49375072891919114
0.23647250754399618  0.46730827822771026
0.19358284366867018  0.4379847166050732
0.14949967718929003  0.40596083355992096
0.10449479548646501  0.37143406698029935
0.05884566862134477  0.33461728586329276
0.012833738640916081  0.2957374779073154
-0.03325731560577161  0.25503435005742947
-0.07914332744261188  0.21275885063195954
-0.12454139434777467  0.1691716221428745
-0.16917162214285408  0.12454139434774891
0.5851987672567489  0.5737275829213155
0.5737275829213133  0.5851987672567474
0.5587191772531894  0.5930620065935805
0.5402660820646739  0.5972688214469066
0.5184820668234591  0.5977932754039237
0.4935014372272226  0.5946321350314436
0.4654782071647374  0.5878048898113422
0.43458514916796664  0.577353631980654
0.40101272921240216  0.5633427970192497
0.36496793243056036  0.5458587663834891
0.3266729869815377  0.5250093349367964
0.28636399393800005  0.5009230463568972
0.2442894716459394  0.473748400622263
0.2007088235268064  0.4436529384604677
0.15589073876812343  0.4108222084035633
0.11011153576602606  0.37545862281959064
0.06365345853016713  0.3377802099732765
0.016802936555383674  0.29801926980902227
-0.030151181110676717  0.2564209417450636
-0.07691940671887565  0.2132416933066752
-0.12321339860641256  0.1687477389188432
-0.16874773891886896  0.12321339860643032
0.5966050955287546  0.5851987672567489
0.5851987672567474  0.5966050955287517
0.5701844939861421  0.6043331549954916
0.5516548437046045  0.6083352996005247
0.5297240578680729  0.6085868547917037
0.504527347063199  0.6050862696471366
0.47622005739142814  0.5978551264386756
0.4449767127067159  0.5869380075687447
0.41098993861847166  0.5724022207056114
0.3744692748902798  0.5543373838084937
0.335639883558863  0.5328548726043758
0.2947411607340591  0.5080871339186865
0.2520252606415765  0.48018686909594166
0.20775554101046545  0.4493260925470901
0.16220493938327962  0.41569507122155525
0.11565429036615882  0.37950115154928454
0.06839059419001803  0.34096748108078057
0.020705247258408832  0.3003316327080956
-0.027107754407648343  0.25784413994954036
-0.07475362775354188  0.21376695232624954
-0.12193862012628198  0.1683718203570681
-0.16837182035705034  0.12193862012628198
0.6079502227695399  0.5966050955287546
0.5966050955287517  0.6079502227695317
0.5815816994827072  0.6155471347230256
0.5629726588636412  0.6193489939006354
0.5408927045956728  0.6193323605766694
0.5154779669385401  0.6154973373006456
0.486885136201229  0.607867568266423
0.4552904966937499  0.5964900935375597
0.42088883987476766  0.5814350590290092
0.38389226339795623  0.562795284034495
0.34452886346016065  0.5406856889655707
0.30304132851197885  0.5152425868281112
0.25968544300188956  0.4866228428072059
0.21472851038146068  0.4550029071418331
0.16844770509018758  0.4205777272502269
0.12112836368233726  0.3835595458137684
0.073062225633171  0.34417659223082264
0.024545634667290983  0.3026716755064385
-0.02412228829848928  0.2593006872541359
-0.07264148933553471  0.2143310240385361
-0.12071283143500988  0.16803993878750045
-0.16803993878750045  0.12071283143503564
0.6192375169968218  0.6079502227695399
0.6079502227695317  0.6192375169968188
0.5929147132549585  0.6267070060145163
0.5742236873688262  0.6303126379387431
0.5519923815015675  0.6300321828500759
0.5263578590462425  0.6258673698471449
0.4974781653578182  0.6178438763868184
0.46553135335197027  0.6060111699748338
0.4307143857479252  0.5904422031808698
0.3932419207283928  0.571232963862184
0.3533449885013429  0.548501883367079
0.3112695669211929  0.522389106365658
0.2672750649535267  0.49305562681158044
0.22163272333214223  0.4606822953603764
0.17462394227131117  0.4254687043661338
0.12653854653782215  0.38763195732659295
0.07767299858656695  0.3474053303693321
0.028328570770277395  0.30503683402652726
-0.021190512105100368  0.2607876841668588
-0.070578948426812  0.2149306915135183
-0.11953224206155255  0.16774857967536683
-0.16774857967534107  0.11953224206158986
0.6304700881901978  0.6192375169968218
0.6192375169968188  0.6304700881901995
0.6041871405938486  0.6378156016373525
0.5854117495563491  0.6412287698050652
0.563027100413837  0.6406885493768537
0.5371712019718586  0.6361982709912573
0.5080034644418037  0.6277856187073145
0.4757037166253375  0.6155024593243157
0.4404710972085244  0.5994245226043073
0.4025228270058019  0.5796509343735297
0.3620928697219421  0.5563036053786474
0.3194304894883535  0.5295264796670134
0.27479871406575995  0.4994846471229595
0.22847271319094364  0.4663633256337487
0.18073810206452734  0.4303667191605598
0.13188918043734432  0.3917167587522048
0.08222711815494943  0.35065173426697704
0.03205809834611717  0.30742482523669956
-0.018308570299563343  0.26230253992957575
-0.06856236052115783  0.21556307223931093
-0.1183934409907561  0.16749458652677518
-0.16749458652673788  0.11839344099080584
0.6416508137478665  0.6304700881901978
0.6304700881901995  0.6416508137478697
0.6154023048863017  0.64887554866828
0.5965403617306337  0.652099750058027
0.5740005488751758  0.6513035396435727
0.5479218317615215  0.6464918263269133
0.5184649943522599  0.6376942759203756
0.4858116478457437  0.6249651282479989
0.45016311098164596  0.6083828627380408
0.4117391688440133  0.5880497145716248
0.3707767178128245  0.56409104436805
0.32752830502090546  0.5366545652969394
0.28226057131437354  0.5059094323750752
0.23525260732443343  0.4720451995705952
0.18679423278090823  0.4352706511398141
0.13718420967691802  0.3958125144025173
0.08672840030180407  0.3539140618929135
0.03573788149873547  0.3098336115033966
-0.01547297322770369  0.26384293386887236
-0.06658843192912478  0.21622557681021526
-0.1172933508045979  0.16727511716843502
-0.16727511716838528  0.1172933508046814
0.6527823608740455  0.6416508137478665
0.6416508137478697  0.6527823608740422
0.6265632759844373  0.6598892876733088
0.6076127672710199  0.6629277775785194
0.584916123795687  0.6618790972891704
0.5586132779129187  0.6567497122679251
0.5288663954139721  0.6475712468790875
0.49585887572117127  0.6344002894138527
0.45979422116993174  0.6173180432049588
0.420894782348312  0.5964298259808132
0.37940038723125014  0.5718644205460546
0.3355668625637094  0.5437732807945448
0.2896644566014359  0.5123295979441549
0.24197617294081386  0.4777272327555169
0.19279602570873067  0.4401795203164056
0.14242722686701992  0.39991795476004555
0.091180316809786  0.35719076202639943
0.03937124977880124  0.3122613694667864
-0.012680554099178565  0.26540678172710663
-0.06465417814459506  0.21691587292119152
-0.11622918768188129  0.16708760562705116
-0.16708760562696767  0.11622918768191859
0.6638672062828203  0.6527823608740455
0.6527823608740422  0.6638672062828203
0.6376728951383582  0.6708590896065694
0.6186319639563873  0.6737149035596337
0.5957769610005565  0.672417041099292
0.5692487949643201  0.6669735039792459
0.5392110208127603  0.6574178534160526
0.5058488314117722  0.6438090031726986
0.4693679157534314  0.6262308563367087
0.4299931908140362  0.6047917880286455
0.38796741486572106  0.5796239772334797
0.34354969079231523  0.5508825918740348
0.2970138686338295  0.518744832149002
0.24864685720795077  0.483408838033518
0.1987468552237015  0.4450924676816008
0.1476215127871754  0.40403195425839744
0.09558603463502191  0.36048044948272207
0.04296123679385033  0.31470646286418535
-0.009928431358277479  0.26699220625154396
-0.062756887429531  0.2176318539034181
-0.11519842642096201  0.16692972880612622
-0.16692972880608892  0.11519842642096556
0.6749076537883714  0.6638672062828203
0.6638672062828203  0.6749076537883676
0.648733796692244  0.6817870711786268
0.6296007275193651  0.6844630445580824
0.6065859604975969  0.6829190756605403
0.5798313893192621  0.6771646835680625
0.5495019648123103  0.6672353460213793
0.5157846779640796  0.6531922806879584
0.47888740706052246  0.6351220677357334
0.4390376360463435  0.6131361160364657
0.3964810520110502  0.5873699762933926
0.3514800304463632  0.5579825053257679
0.3043120176155494  0.5251548866652227
0.2552678200021248  0.4890895134966389
0.20464981139291272  0.4500087408384337
0.15277006864366527  0.40815351464992666
0.09994844761997079  0.36378188631875563
0.04651061118045163  0.3171674216887119
-0.007213978643317631  0.26859751443504365
-0.060894091889903024  0.21837161418712547
-0.11419877281053026  0.16679938032194386
-0.1667993803219403  0.11419877281046631
