 TITLE = "Dataset"
VARIABLES = "x" "y" "u" "v" "rho" "p" "srr" "szz" "szr"   ZONE T="Zone 1" 
I=99,J=1,K=1,ZONETYPE=Ordered 
DATAPACKING=POINT 
 2.288967127189634  -2.0  0.0019964762395469574  -1.0447332289801454e-16  8.97341763106154  0.006821968680913129  -0.0005871236594423759  0.00029356182972067966  -6.609564853199932e-16
3.2841290136281196  -1.9999999999999964  0.001996505110476689  -3.8392508597694907e-16  8.97341022969604  0.006818534340201323  -0.0005905637476766705  0.0002952818738380212  -4.9260153952154785e-16
4.279291824582729  -1.999999999999993  0.0019965112564526532  -3.3196453334798186e-17  8.973402308020784  0.006815984558476863  -0.000593117000076866  0.00029655850003833316  -4.0525802824473524e-16
5.274455468069952  -1.9999999999999947  0.0019965482287292832  2.3875181012290217e-16  8.973395686219664  0.006814073759247977  -0.0005950456356418085  0.00029752281782122956  -7.642125061211737e-16
6.269619747760047  -1.9999999999999967  0.001996548219714339  1.8771955646823095e-16  8.973390855894229  0.006812686421847908  -0.0005964323221345911  0.0002982161610682368  -5.835978667739177e-16
7.264784462629396  -2.0  0.001996588284172194  -1.4121635047801263e-16  8.973388445886272  0.006811830924265431  -0.0005973114933715976  0.0002986557466870321  4.307728024458363e-16
8.2599492768676  -1.9999999999999964  0.001996588909894087  -2.487749086189899e-16  8.973388558054769  0.00681147305533915  -0.0005976805023345958  0.0002988402511684015  1.1437240980268303e-15
9.25511396685759  -1.9999999999999964  0.0019966284064903946  4.0062781672203973e-16  8.973389801854754  0.006811362939112308  -0.0005978065578402838  0.00029890327892156574  -6.235594065726487e-16
10.250278505216585  -2.0000000000000036  0.0019966289456280146  1.4483507148431404e-15  8.973390812966946  0.0068112659292073096  -0.000597935079117368  0.0002989675395608345  -1.496665673603185e-15
11.245442970938353  -2.0  0.0019966703528442975  1.3625641463040903e-15  8.97339154551564  0.006811162459757911  -0.000598050925560367  0.00029902546278213853  9.558271862171768e-16
12.240607346815553  -1.9999999999999964  0.0019966704190135776  6.571603146155647e-16  8.97339226134552  0.006811085392614195  -0.0005981650089582788  0.0002990825044801138  1.7977340552318377e-15
13.23577165376384  -1.9999999999999964  0.001996711197668964  -2.752490843128943e-16  8.973392815700034  0.0068110058769325025  -0.0005982649822852252  0.00029913249114299267  8.19693556663751e-16
14.230935906683303  -2.000000000000007  0.0019967152834008996  -2.1306225150558015e-15  8.973393370987134  0.006810945446857576  -0.0005983610875766765  0.00029918054378874235  5.0979891377307075e-17
15.226100090467055  -2.0  0.0019967501418294213  -1.9885523872882586e-15  8.973393844339641  0.00681088746078067  -0.0005984478836865872  0.0002992239418440985  -4.399687507270262e-16
16.221264238395424  -2.0  0.0019967637255389895  -1.4612409377042518e-15  8.973394333673948  0.00681084487779235  -0.0005985324392077147  0.0002992662196050303  8.416322141825228e-17
17.216428313643185  -1.999999999999993  0.001996789194465617  -1.5810627482838658e-15  8.973394729958276  0.006810798597455181  -0.0005986080938341334  0.0002993040469182175  8.762997877655716e-16
18.21159237367433  -1.999999999999993  0.0019968119568514655  -1.7493666893784254e-15  8.97339519479555  0.006810772519373509  -0.0005986861429726933  0.0002993430714870872  1.2684866232907625e-15
19.206756345819745  -1.9999999999999858  0.0019968347312643874  -2.362399482039716e-15  8.97339555697276  0.006810738311784385  -0.0005987551627073684  0.00029937758135413766  4.590945485505733e-16
20.20192032551887  -1.999999999999993  0.0019968553360739196  -7.392281042585669e-17  8.97339596085704  0.006810717763306949  -0.000598824865704322  0.00029941243285271687  2.1098984882851166e-16
21.19708420808143  -1.9999999999999931  0.0019968862835999454  2.10485381451358e-15  8.97339637532279  0.0068107050901960835  -0.000598893716660612  0.00029944685833088096  5.638655621300173e-17
22.192248095850726  -1.999999999999993  0.0019969018200428866  2.3836137055664214e-16  8.973396709950418  0.006810685260844016  -0.0005989561172966363  0.0002994780586486254  4.0993688828122846e-17
23.18741190419174  -2.000000000000007  0.0019969327930915637  -7.319609296470167e-16  8.97339711505767  0.006810681454898285  -0.0005990223547221593  0.0002995111773607952  1.796768584651854e-15
24.182575702107012  -1.999999999999993  0.0019969576769208346  2.3583595718583116e-16  8.973397527832475  0.006810683235498129  -0.000599088342610493  0.00029954417130455247  1.214140638858095e-17
25.177739418893353  -1.999999999999993  0.0019969827232665504  -5.796839437563664e-16  8.973397850882407  0.006810674706600425  -0.0005991476900963496  0.00029957384504759497  -8.761634008480553e-16
26.172903145155058  -1.999999999999993  0.0019970047091029753  -2.2062492310221693e-15  8.973398241246937  0.006810680391478823  -0.0005992109584522073  0.0002996054792259753  -4.5537634263610255e-17
27.1680667753574  -2.0  0.001997044055439319  -2.2782205159800813e-15  8.9733986945085  0.0068106992253635  -0.0005992778266007204  0.00029963891330095414  -2.7749840879874e-16
28.163230401084352  -2.0  0.001997061599305662  -1.3932238735534934e-15  8.973399068181543  0.006810708390762178  -0.0005993388518029041  0.0002996694259015535  3.125832191560521e-15
29.158393948404747  -1.9999999999999858  0.001997097587407514  -1.1970017530821478e-16  8.973399421408075  0.006810716964674355  -0.0005993980306188843  0.0002996990153081696  1.780006024049888e-15
30.15355749578497  -1.999999999999993  0.001997115125672132  -2.2193941249960084e-15  8.973399863621083  0.006810742047854994  -0.0005994628810581249  0.0002997314405284168  -2.5967345524258647e-15
31.148720945021367  -2.000000000000014  0.001997170245332602  -3.16068632284693e-15  8.973400399744941  0.006810784266632202  -0.0005995337591461143  0.0002997668795741695  -1.7707840483899503e-15
32.1438843734877  -1.9999999999999856  0.0019971781026676336  6.179410406414451e-16  8.973400790858676  0.006810805566031445  -0.0005995945726358139  0.0002997972863196541  -7.416055345882718e-16
33.139047735973826  -2.0  0.001997231888212472  9.048474181664482e-16  8.973401241296914  0.006810838169640135  -0.0005996592446321004  0.0002998296223180526  -3.717033067787204e-16
34.13421106453149  -2.000000000000014  0.001997239275148224  4.3953014132367373e-16  8.973401663456716  0.006810868063456337  -0.0005997219899336347  0.00029986099496828636  8.766118222112429e-16
35.1293743333813  -1.9999999999999856  0.0019973046965702027  -3.812901517402525e-18  8.973402266945875  0.006810928293540774  -0.0005997967070639263  0.0002998983535317599  -9.760328049427436e-17
36.12453752808358  -2.0  0.0019973172313615772  -1.0924138096645549e-15  8.973402782132993  0.006810976071858666  -0.0005998654544752232  0.0002999327272375841  -1.0528885373999613e-15
37.11970068266368  -2.000000000000014  0.001997384224510179  -8.777185414441838e-16  8.973403467160924  0.006811052166833094  -0.0005999455884155014  0.00029997279420938296  6.092848004196727e-16
38.11486372542459  -2.000000000000014  0.0019974033809470855  4.550686431126208e-16  8.973403399317753  0.00681101034128514  -0.0005999982408862097  0.0002999991204443182  3.348901413031911e-16
39.110026895052016  -2.0  0.001997336927533752  5.798715226640628e-16  8.973400844423022  0.0068105758953432875  -0.0006  0.00029999999999916487  -1.1120112986153474e-15
40.10519050449637  -1.9999999999999856  0.0019971337272549085  2.7544217344653753e-16  8.97339439725208  0.006809526211286459  -0.0006000000000000001  0.00029999999999823007  -5.472770166552065e-16
41.10035510412703  -2.0  0.001996687343462367  8.199948611211723e-16  8.973381177073541  0.00680740499622199  -0.0006000000000000001  0.0002999999999994567  1.3604366828628086e-15
42.09552164585567  -2.0  0.0019958229431342855  3.0735760235000433e-16  8.973356516420457  0.006803473054771811  -0.0006  0.000300000000000723  1.5022175383285965e-15
43.0906917153352  -2.0  0.0019942669563627006  5.403875661302351e-16  8.973313263657317  0.006796597853422222  -0.0006  0.0002999999999998836  -7.206081614251995e-16
44.08586785080771  -2.0  0.0019916115914473836  -1.3868648873445074e-15  8.973240972354434  0.006785125201842771  -0.0006000000000000001  0.0002999999999987932  -6.847245013439585e-16
45.081053955184835  -2.000000000000014  0.0019872776189857944  5.372305998386652e-16  8.973125096097643  0.006766752024299343  -0.0006000000000000001  0.0002999999999995207  2.15068444033857e-16
46.07625579367541  -1.9999999999999858  0.001980481666127615  8.956772467811825e-16  8.972946348342342  0.006738425447649009  -0.0006  0.0003000000000005857  -1.1903040068263508e-15
47.07148154822192  -2.0  0.0019702167621579204  -5.175010379180442e-16  8.972680436300976  0.0066963014767773155  -0.0006000000000000001  0.0003000000000006307  -1.785684326997031e-15
48.06674237484129  -2.0  0.0019552565407039914  1.0488291746832917e-15  8.972298401942965  0.006635800486388083  -0.0006000000000000001  0.0003000000000007979  -4.557855935713034e-16
49.06205288357297  -2.0  0.0019341934158866308  1.8336221823222515e-15  8.971767783565888  0.006551793422409724  -0.0006000000000000001  0.00030000000000109106  1.5754063620318155e-15
50.05743143988599  -2.0  0.0019055184157168727  1.2636921571578486e-15  8.971054730101818  0.006438939585156062  -0.0006  0.00030000000000092605  2.633550655345869e-16
51.052900177896504  -2.0  0.0018677447896746303  -8.456027968281396e-17  8.970127055561138  0.006292173653000918  -0.0006  0.0003000000000008718  -1.0989733487884674e-15
52.04848462672424  -2.0  0.001819569328597962  -1.2029862454520587e-15  8.968958027405918  0.006107308474577716  -0.0006  0.00030000000000016575  2.264087384094108e-15
53.04421288541223  -2.0  0.0017600557652538767  -1.9434604211218298e-15  8.967530473829854  0.005881686518114904  -0.0006  0.0002999999999989477  1.958712006961084e-15
54.04011433873751  -1.9999999999999856  0.001688815720448562  -5.6198643002953e-16  8.965840618686489  0.00561478474453069  -0.0006000000000000001  0.0002999999999991719  -9.874869834456799e-16
55.03621797936511  -2.0  0.0016061569443078974  -5.932029887364347e-16  8.963900964472828  0.005308664094045412  -0.0006000000000000001  0.0002999999999999946  -5.141150582264982e-16
56.03255047858605  -2.0  0.0015131684207193353  5.09527948083136e-16  8.961741589421894  0.0049681630848489415  -0.0006000000000000001  0.0002999999999998219  1.443268761899881e-16
57.02913421173167  -1.9999999999999858  0.0014117186252102115  -9.209131487228457e-17  8.95940942145036  0.004600767794197495  -0.0006  0.0002999999999996237  -5.706481510478855e-16
58.02598547876918  -2.0  0.0013043564722718343  -6.184819513656102e-16  8.956965375911857  0.004216143446929249  -0.0006000000000000001  0.0002999999999999534  -1.514669823932277e-16
59.02311315366492  -2.000000000000014  0.0011941218037643453  8.149701604678114e-16  8.954479630197849  0.0038253749330623595  -0.0006000000000000001  0.0002999999999999954  5.949729213481717e-16
60.020517945462025  -1.9999999999999858  0.0010842895816936817  -4.053511326153251e-16  8.952025665027103  0.0034400196942021306  -0.0006  0.0002999999999995401  -3.9153293140805266e-16
61.01819236752182  -1.9999999999999858  0.000978084777290578  -7.955226194179584e-17  8.949673938460283  0.0030711119512793596  -0.0006000000000000001  0.00029999999999936203  -9.328569617743684e-16
62.016121406945416  -1.9999999999999858  0.000878409996578747  1.380876169925858e-15  8.947486110434784  0.002728262831669254  -0.0006000000000000001  0.0003000000000000136  -5.044022520853484e-16
63.01428378623186  -2.000000000000014  0.0007876240856797211  3.5942444602388704e-16  8.945510593253381  0.002418975931046398  -0.0006000000000000001  0.0003000000000002599  9.211524542558438e-16
64.01265363466699  -2.0  0.0007073984705488179  -1.4612715319770218e-15  8.94377991631849  0.0021482510451560563  -0.0006000000000000001  0.00029999999999918796  5.570657761442599e-16
65.01120234979169  -1.9999999999999716  0.0006386613536224053  -2.8097542868731723e-16  8.942310052941222  0.0019184949954052478  -0.0006000000000000001  0.00029999999999905444  -2.942998946344396e-15
66.00990043042204  -2.0  0.0005816255807064186  2.8619385909067104e-15  8.941101506876079  0.0017297045056878907  -0.0006000000000000001  0.00030000000000028864  -1.2238617096424768e-15
67.0087191044507  -2.0  0.0005359049081394488  3.856190912327453e-17  8.940141442689512  0.001579807445966495  -0.0006  0.0003000000000001091  3.2082859856176314e-15
68.0076316916072  -2.0  0.0005004935641882176  -8.796912435919202e-16  8.939409667558213  0.0014656002331981514  -0.0006  0.00029999999999921024  4.622314064088923e-16
69.00661389682169  -2.0  0.0004740016765876871  8.66658487385632e-16  8.938824911506133  0.0013743686100246056  -0.0005871521877401193  0.0002935760938694589  -1.0538476664014544e-15
70.00565718080746  -1.9999999999999716  0.00044440628795063334  -5.951045222430022e-16  8.938232446070302  0.0012819632335291733  -0.0005528766862743268  0.00027643834313633884  2.190538070006813e-15
71.00477182463717  -2.0  0.00040956097212277643  -2.453294114920217e-15  8.937553450109423  0.0011760966251871269  -0.0005072956411810918  0.000253647820589326  -6.137344171799694e-16
72.00396691161242  -2.0  0.00037074008573734354  -2.095748921801385e-15  8.936806823075752  0.001059728346953053  -0.00045717055788425205  0.00022858527894130892  -9.99062640771478e-16
73.00324850507218  -2.0  0.0003294201263644284  -1.3436323063674312e-16  8.93602095131763  0.0009372927767075242  -0.00040440628530504955  0.00020220314265192096  1.4357012535515668e-16
74.00261934684191  -2.0  0.00028718213396473983  7.404315516748369e-17  8.935225425966896  0.0008134053442061353  -0.0003509891778629602  0.00017549458893091705  -3.089334853442702e-16
75.00207888525108  -2.0  0.00024555839925078  3.350832513706508e-17  8.934448270116011  0.0006924298238607466  -0.00029880097270674794  0.00014940048635293048  -1.7131060902264463e-16
76.0016235933779  -2.0  0.0002059020882691957  2.939069537356052e-16  8.933713661294096  0.0005781244362601681  -0.0002494657767796158  0.00012473288838994544  -2.152309782098902e-15
77.00124750707715  -2.0  0.00016929298767130946  6.55409071674099e-16  8.933040369518189  0.00047340063643025926  -0.00020424499593532587  0.0001021224979678135  2.1011064671407987e-15
78.00094289386709  -2.0  0.00013648640474326425  1.1333580695020366e-15  8.93244100484285  0.00038020852136097017  -0.0001639865773008176  8.199328864920343e-5  3.3239828298732225e-15
79.00070096082744  -2.0  0.00010790472239563827  1.1334429715728384e-15  8.931922033835267  0.0002995418389929383  -0.0001291259009709012  6.456295048343715e-5  -9.09329999935617e-17
80.00051252122442  -1.9999999999999716  8.366473231533782e-5  -8.793618742612318e-17  8.931484416945743  0.00023153904977206972  -9.97284237817787e-5  4.986421188938932e-5  -1.9623780927242993e-15
81.0003685608677  -2.0000000000000284  6.36300052360979e-5  -9.68689278707774e-16  8.931124659177279  0.0001756479066249746  -7.55601507422182e-5  3.778007537040547e-5  -1.222566315639029e-15
82.00026067024  -2.0  4.747638158693763e-5  -1.3067639293965165e-15  8.930836055126068  0.00013081951543647603  -5.617122609628762e-5  2.8085613047640612e-5  4.2159987723147693e-16
83.00018133241602  -2.0  3.475972766720759e-5  -4.605514893259774e-16  8.930609936345492  9.57021856584395e-5  -4.097972932617995e-5  2.0489864662819703e-5  -1.352758468378659e-15
84.00012407592772  -2.0  2.4977613238251027e-5  -1.731510546576231e-15  8.930436778988765  6.881321730997414e-5  -2.9346113898298684e-5  1.4673056949574371e-5  -1.4282039022602002e-15
85.00008351449779  -2.0  1.7619669992075947e-5  -1.9201140484709975e-15  8.930307087446568  4.8675731797829776e-5  -2.0632608938626985e-5  1.0316304470293915e-5  -7.931848318405052e-16
86.00005530178532  -2.0  1.2204375555986902e-5  -1.6248682767661626e-15  8.930212023036272  3.391588543228991e-5  -1.4245493671686687e-5  7.122746837176814e-6  -6.187853166889711e-16
87.00003603010224  -2.0000000000000284  8.302410462903114e-6  -8.783504545930541e-16  8.930143788238722  2.332217807948942e-5  -9.660943095320038e-6  4.830471549348313e-6  -8.003285530198688e-16
88.00002309891205  -2.0  5.548351477851836e-6  -1.0633083570303065e-15  8.930095803661063  1.5872662175699686e-5  -6.43694012638857e-6  3.2184700650332993e-6  1.9750096559791404e-16
89.00001457375596  -2.0  3.6432996268128954e-6  -2.0193580978436105e-15  8.930062727564605  1.0737790829270748e-5  -4.214602549279534e-6  2.1073012760718387e-6  1.4302422735213287e-15
90.00000905028793  -2.0  2.3512345557231494e-6  -1.560282172526357e-15  8.930040369332922  7.266866638840554e-6  -2.712378730937009e-6  1.3561893665614232e-6  -7.365820826695614e-17
91.00000553251505  -2.0  1.4916381154347377e-6  -5.991279479035e-16  8.930025542414569  4.965141858748478e-6  -1.7161730631694178e-6  8.580865326525055e-7  1.741327673429256e-16
92.0000033297193  -2.0  9.304354876526241e-7  -1.3409735587691768e-16  8.930015892616602  3.4671230237505783e-6  -1.0678120000285415e-6  5.339060009599082e-7  3.144912710098406e-16
93.0000019731441  -2.0  5.707294085404448e-7  -1.8130018836217595e-15  8.930009726981837  2.509984933842399e-6  -6.535482492023748e-7  3.2677412580847615e-7  -1.3611097356778557e-15
94.00000115122754  -2.0000000000000284  3.442601972514263e-7  -1.174175092998759e-15  8.930005858776354  1.909496149881379e-6  -3.9364666150332285e-7  1.9682333219078838e-7  4.3375050757715583e-16
95.00000066098998  -2.0  2.0407956125005427e-7  -1.9931915739622977e-16  8.930003476316358  1.539650875258856e-6  -2.3357105139976633e-7  1.1678552665366448e-7  1.5076299728477674e-15
96.00000037265687  -2.0  1.1859742773630871e-7  3.7462019818356624e-16  8.930002037797905  1.3163402775731655e-6  -1.3691808987914276e-7  6.845904586187231e-8  -1.3817102986491921e-15
97.00000020459574  -2.0000000000000284  6.69475487147208e-8  -1.5866337823032297e-15  8.930001190810383  1.184856984682192e-6  -8.000965339175393e-8  4.00048282398851e-8  -1.1051201778812335e-15
98.00000010595664  -2.0  3.549570016905791e-8  -2.248695879842847e-15  8.930000713414337  1.11074777547387e-6  -4.793380796405825e-8  2.3966905081442805e-8  2.8834971130352647e-15
99.0000000448166  -2.0  1.525997094955133e-8  9.805603500932565e-17  8.93000047310193  1.0734425692176137e-6  -3.178735961975832e-8  1.5893679121940614e-8  4.265911324787579e-15
100.00000000000045  -1.9999999999999716  1.3181126639528851e-42  9.31783184862392e-16  8.930000400210497  1.0621271746427825e-6  -2.6889801837017538e-8  1.3444899164092328e-8  0.0
