 TITLE = "Dataset"
VARIABLES = "x" "y" "u" "v" "rho" "p" "srr" "szz" "szr"   ZONE T="Zone 1" 
I=401,J=1,K=1,ZONETYPE=Ordered 
DATAPACKING=POINT 
 0.06880871392026326  -0.012499999999999973  0.000672368251971442  3.180050693027003e-16  2.7859759942693083  0.0002863450709060606  0.00028645074381381474  -0.0001432253719069587  1.978422195238044e-17
0.08130433487019544  -0.012499999999999987  0.0006723674558201311  -1.9058802603107563e-16  2.788615458551397  0.001123080773727667  0.0011232921353578449  -0.0005616460676791859  1.4241479625829288e-16
0.09377632362164252  -0.01249999999999991  0.0006723650794721892  -1.4239696247208206e-15  2.7909404782873044  0.0019560934414213226  0.0019565162289047243  -0.0009782581144528295  2.8296710272431696e-16
0.10625112303191317  -0.012500000000000011  0.0006723611179825214  -1.5568771780186262e-15  2.790398878280517  0.0019554906212569997  0.0019561249653871683  -0.0009780624826937001  1.5583373205065973e-16
0.11872795365680976  -0.012500000000000058  0.0006723555734198145  5.574244600983347e-16  2.7900065986608684  0.001962916919067964  0.0019637630214977293  -0.0009818815107480354  -1.044087118251247e-15
0.13120626123025933  -0.01249999999999999  0.0006723484509238458  1.4040046042047616e-15  2.7897115112269444  0.0019688560605448527  0.0019699142000915897  -0.0009849571000447085  -1.0107809580796272e-15
0.1436857315026227  -0.012499999999999912  0.0006723397590273519  6.263288267069171e-16  2.789483170215658  0.001970963135694046  0.00197223367528672  -0.0009861168376432646  1.8189761640843851e-16
0.156166082042233  -0.012499999999999994  0.0006723295098071433  -4.1675113029527425e-16  2.7893137025795616  0.001971233600545838  0.001972716994007918  -0.0009863584970043011  -8.952731794009661e-16
0.16864706875946647  -0.012500000000000098  0.0006723177180178384  -5.681847982236805e-16  2.7891933649409295  0.0019704528135900947  0.001972149611398407  -0.0009860748056992725  -1.9027534711622583e-16
0.18112849622866556  -0.012499999999999938  0.0006723043993281622  5.844598541526705e-16  2.7891081075164483  0.0019684640527387626  0.001970374906086837  -0.00098518745304402  2.2670629251228947e-15
0.19361024599306706  -0.01250000000000004  0.0006722895678970479  7.820617068974264e-16  2.7890437645256645  0.00196499537039228  0.001967121033073773  -0.0009835605165380114  8.851497564496598e-16
0.20609224935895318  -0.012500000000000124  0.0006722732338556969  1.1400810885578895e-15  2.7889950327815534  0.001961589426527008  0.001963930754532329  -0.0009819653772665691  -6.625997014353551e-16
0.21857443531049578  -0.012499999999999897  0.0006722554011747032  1.7394823940611856e-16  2.788959412761203  0.001959608378854059  0.001962166327832406  -0.0009810831639152546  -4.5257397381217925e-16
0.2310567575133197  -0.012500000000000035  0.0006722360660455067  -1.3880960718253162e-15  2.788928589979949  0.001957930245212072  0.001960705866152557  -0.00098035293307429  -1.553152619452433e-15
0.24353921936854797  -0.012499999999999994  0.0006722152162839168  -7.178722955104347e-16  2.7889008974216223  0.001956785322911501  0.001959779756605159  -0.0009798898783007905  -1.448141346430662e-16
0.25602178946037724  -0.012500000000000068  0.0006721928325130434  7.3071533611796275e-16  2.7888748298901875  0.0019561404264262132  0.001959354897264098  -0.00097967744863099  9.23941218065668e-16
0.2685044846631859  -0.012500000000000224  0.0006721688899388892  7.875535958996464e-16  2.788848157645567  0.001955588277480884  0.0019590240872359027  -0.0009795120436173164  -2.378163013874941e-16
0.28098729352002416  -0.012500000000000077  0.0006721433619353856  -1.0005335674134277e-15  2.788821480192535  0.0019554425292366406  0.001959101051395107  -0.0009795505256984024  1.6291895375015793e-15
0.29347022753925733  -0.01249999999999977  0.0006721162236695217  -9.525074790240012e-16  2.788793893390113  0.001955544590712695  0.001959427265787248  -0.0009797136328955742  9.414950374891497e-17
0.3059532833576685  -0.012499999999999624  0.0006720874562527978  3.530571233744471e-16  2.7887638122892326  0.0019555300113376158  0.001959638343449606  -0.0009798191717248217  -3.7733318245074705e-15
0.31843648667372154  -0.012500000000000056  0.0006720570498945303  -4.659296297851355e-16  2.7887303611868504  0.001955237811895312  0.0019595733666987365  -0.0009797866833477342  -1.0637434500692771e-15
0.3309198419649862  -0.012500000000000275  0.0006720250063520987  3.000158349915293e-16  2.7886956050385283  0.0019553478717140443  0.001959912275384151  -0.0009799561376923971  2.8392514923904034e-15
0.343403356445035  -0.012499999999999945  0.0006719913391196441  7.829998347328861e-16  2.788658476395571  0.0019556589393837855  0.0019604538781103284  -0.0009802269390579241  6.587310643125578e-16
0.3558870441493659  -0.01249999999999993  0.0006719560717665046  4.0359072068165893e-16  2.788617702937014  0.001955950310032658  0.001960977529493874  -0.0009804887647492863  -2.3199454984448583e-15
0.3683709236848131  -0.012499999999999888  0.000671919234251647  1.8959839324840825e-15  2.788572486809591  0.0019561678988159266  0.0019614292031483495  -0.0009807146015736708  -3.749740982694738e-17
0.3808550162334368  -0.012499999999999916  0.0006718808576671228  1.5185760076779706e-15  2.788522045325794  0.001956288068112857  0.0019617853181609184  -0.0009808926590786295  1.4587516558306887e-15
0.3933393474141729  -0.0125  0.000671840967981177  -3.9668923603445015e-16  2.7884657878924233  0.0019564105012823798  0.001962145612509297  -0.0009810728062555258  5.611067231376603e-16
0.4058239437024974  -0.012499999999999708  0.0006717995797285397  -1.0220362852343676e-15  2.7884030691790374  0.0019566893416033495  0.001962664282520418  -0.0009813321412630882  -9.88452936096857e-16
0.4183088365025336  -0.012500000000000002  0.0006717566902684362  -6.715908545139726e-16  2.7883317723154164  0.0019569457470903517  0.0019631625392571603  -0.000981581269629714  -2.5362602829357268e-15
0.4307940712548755  -0.012500000000000306  0.000671712275366081  4.888894851178744e-16  2.788249111824628  0.0019569974745251386  0.0019634581951221844  -0.0009817290975605497  1.5397181834115631e-15
0.443279704321499  -0.012499999999999957  0.0006716662865949727  1.4333274308747933e-15  2.7881528933910484  0.0019570432064593053  0.0019637499940070584  -0.0009818749970040563  2.694006582056744e-15
0.4557658008142588  -0.012500000000000098  0.0006716186508015469  1.1380851397803062e-15  2.788039423556712  0.0019571966473452113  0.0019641517104681677  -0.000982075855235653  8.282991574734783e-16
0.4682524502037318  -0.012500000000000126  0.0006715692714427046  -1.1875723560007193e-16  2.787901862208853  0.0019572784489080702  0.001964484077447201  -0.0009822420387251454  5.0636610421818214e-17
0.48073977891417413  -0.012499999999999543  0.0006715180321687527  1.2074980515698781e-15  2.7877305220466786  0.0019572466620492567  0.0019647052394749544  -0.000982352619739654  -8.829047340314535e-16
0.49322796327111235  -0.012499999999999626  0.0006714648024698397  3.1493199986401774e-15  2.7875097840622614  0.001957250296229394  0.0019649643124529832  -0.0009824821562278352  2.7153311985760205e-16
0.5057172697694953  -0.012499999999999668  0.0006714094450984898  1.381733787059573e-15  2.7872101991084994  0.001957306093213986  0.0019652781574248496  -0.0009826390787112192  -2.2447031371657914e-15
0.5182081388942936  -0.01250000000000064  0.0006713518244880675  -6.429773266069262e-16  2.7867703203390612  0.0019573349456324177  0.0019655677995735615  -0.0009827838997849808  -1.513813360334102e-15
0.5307013885265868  -0.012500000000000401  0.0006712918143388037  -5.504645668983211e-16  2.786035901022556  0.0019573422457689485  0.0019658387787690195  -0.000982919389382231  6.880098837609831e-16
0.5431988441277065  -0.012500000000000625  0.000671229298452284  -1.4378175066945985e-15  2.7844474141438402  0.001957356581704688  0.0019661198520328294  -0.0009830599260136999  -1.366604501747822e-15
0.5557063539293967  -0.012499999999999987  0.000671164135239348  -1.8299784300187568e-16  2.7760328012971227  0.001957229555555862  0.0019662628911752923  -0.0009831314455877118  -2.9009286457152884e-15
0.5682797728457456  -0.012499999999999543  0.0006710955003898011  6.301919267226945e-16  2.77603283828351  0.0019572398308846032  0.001966546544938757  -0.000983273272467588  -2.2874915183038407e-16
0.5807872823150213  -0.012500000000000431  0.0006710252750059827  9.424583723963626e-16  2.7844475943586424  0.0019574074253715344  0.0019669910292207412  -0.0009834955146026737  5.3818326232993954e-15
0.5932847366309552  -0.01250000000000025  0.0006709527164581606  1.064074249224114e-15  2.7860362087923596  0.0019574292789432245  0.0019672936946056162  -0.0009836468472977351  4.849102410393301e-15
0.6057779847878068  -0.012499999999999945  0.0006708777952358621  5.600039485282939e-16  2.7867705900961033  0.001957411295388469  0.00196756055983588  -0.0009837802799189679  -2.4453197723100578e-15
0.6182688529695012  -0.01250000000000011  0.0006708005355753953  1.4596792145855623e-15  2.7872103892585476  0.001957360089858906  0.001967798434050176  -0.0009838992170264358  -4.0211302881956044e-15
0.6307581587067572  -0.012500000000000306  0.000670720957722765  -8.693825859512134e-16  2.787509932510547  0.0019572923182634  0.001968024165175167  -0.000984012082590459  4.662092691003765e-15
0.6432463424946286  -0.012499999999999333  0.0006706390565449762  -1.2496895763581233e-15  2.7877304619963112  0.0019572275485840655  0.0019682575037438775  -0.0009841287518787992  4.6073850336948e-15
0.6557336723120224  -0.01250000000000025  0.0006705547911615752  4.986193635047042e-16  2.787901487672908  0.00195716945982179  0.001968502300438597  -0.0009842511502250592  -9.437909530658013e-16
0.6682203239495716  -0.012500000000000722  0.0006704680829669246  2.08248579262106e-15  2.7880390979950054  0.0019571027301597326  0.0019687433941411765  -0.000984371697070462  -1.190842887855679e-15
0.6807064211104101  -0.012500000000000528  0.0006703788206870118  1.950775888681168e-15  2.788152798590997  0.0019570078382439406  0.0019689614118962072  -0.0009844807059420156  -2.871051432527514e-15
0.6931920543580394  -0.012499999999999416  0.0006702868712755541  1.4162746060693175e-15  2.788248728738626  0.001956879203518418  0.001969150905510965  -0.0009845754527520777  -6.29552988580118e-16
0.7056772923601039  -0.012499999999999026  0.0006701920945623955  6.389847591564546e-16  2.788331033136129  0.0019567285238556035  0.0019693236827136376  -0.0009846618413626293  2.184564640227046e-15
0.7181621885299261  -0.012499999999999555  0.0006700943593231637  1.658545651773647e-15  2.788402716490963  0.001956574876224729  0.0019694989000653843  -0.0009847494500404624  2.784703680612552e-16
0.7306467846067937  -0.012499999999999751  0.0006699935581105502  2.419036452246008e-15  2.788465884007591  0.0019564249918273486  0.001969683331825916  -0.000984841665915497  -3.4180063961977918e-15
0.7431311151383521  -0.01250000000000036  0.0006698896180808764  -2.149778037985129e-15  2.788522029081294  0.0019562738721756777  0.001969871983456874  -0.0009849359917274677  -2.9287052693089084e-15
0.7556152084815771  -0.01250000000000025  0.0006697825058020097  -1.2913728726001946e-15  2.788572335592277  0.0019561144501299014  0.0019700577561630114  -0.0009850288780817102  2.6017921701746897e-15
0.7680990885763734  -0.012500000000000362  0.0006696722244219901  1.2407198541229439e-15  2.7886176900194477  0.0019559368113948815  0.001970230678540371  -0.000985115339272427  2.829618636306917e-15
0.7805827758370211  -0.012499999999999527  0.0006695588032394349  -2.0223701665628712e-15  2.788658775900686  0.001955732968401741  0.001970382696360972  -0.0009851913481816119  -2.5151654586854834e-15
0.7930662880792744  -0.012499999999999527  0.0006694422811851957  -3.0046794364468003e-15  2.788696198498475  0.0019555042114762994  0.0019705150443115743  -0.0009852575221533056  -3.803161507791979e-15
0.8055496402951643  -0.012500000000000362  0.0006693226864736971  1.1585853706050739e-15  2.78873048269215  0.0019552604206300077  0.0019706375800027367  -0.0009853187899961282  2.6428543643946983e-16
0.8180328455987396  -0.012500000000000946  0.0006692000164148019  1.78534465621856e-15  2.788762033423403  0.0019550128982748424  0.0019707616379773096  -0.0009853808189845474  -1.5884556409523336e-16
0.8305159153547101  -0.01250000000000075  0.0006690742203196298  -1.1788082172172283e-15  2.7887912018018546  0.0019547686067736933  0.0019708942849788144  -0.0009854471424894508  -6.51266617698251e-16
0.842998859532211  -0.012499999999999695  0.0006689451887797177  -2.678284672213166e-15  2.788818267646586  0.001954525490903488  0.001971033653755767  -0.0009855168268801738  -2.0370250502964863e-16
0.8554816869896876  -0.01249999999999972  0.0006688127507956935  -2.6673018973006894e-15  2.788843440146327  0.0019542756385202247  0.001971172106832361  -0.0009855860534178917  -1.70057900697706e-15
0.8679644058225001  -0.012499999999999888  0.0006686766790067862  -1.2090709118202056e-16  2.7888668889324792  0.0019540133924563583  0.001971304341941054  -0.0009856521709720424  3.0829944538194957e-15
0.8804470233696615  -0.012499999999999583  0.0006685367021034501  2.163614229097079e-15  2.7888887738763435  0.001953736598960247  0.001971428624254951  -0.0009857143121285504  2.991745005358489e-15
0.8929295462946383  -0.012499999999999775  0.0006683925221757258  1.0075838833753991e-15  2.788909238037964  0.001953444066257263  0.00197154421995793  -0.0009857721099786106  -1.269225916913081e-15
0.9054119806552019  -0.012500000000000138  0.000668243834656324  -1.4347357649252711e-15  2.7889284197029216  0.001953138824134385  0.001971654624798104  -0.0009858273123990948  -4.49482134005072e-17
0.9178943318764125  -0.012500000000000528  0.0006680903484906673  -2.3476469342006338e-15  2.7889464450340227  0.001952825014024918  0.0019717644208259114  -0.000985882210413739  -8.683100476827253e-16
0.9303766048862014  -0.0125000000000005  0.0006679318044771293  -2.90388299102071e-15  2.788963416417723  0.001952503793714185  0.001971875150119184  -0.000985937575059603  1.2308879595974213e-15
0.942858804192797  -0.012500000000000054  0.0006677679900259197  -8.917678023189492e-17  2.7889794268359274  0.0019521769161854098  0.0019719888695262193  -0.00098599443476254  1.664145296071222e-15
0.955340933891507  -0.012499999999999971  0.0006675987491128075  6.008933575766862e-15  2.7889945559301683  0.0019518452508803664  0.001972106658303877  -0.0009860533291487362  -4.3949847578809376e-15
0.9678229977773423  -0.012499999999999418  0.0006674239862188569  5.8061524902518125e-15  2.789008877978249  0.0019515107459812573  0.001972230579169746  -0.0009861152895786715  -3.726869832427438e-15
0.9803049992805309  -0.012499999999999305  0.0006672436637290394  -6.696050470269569e-16  2.789022456058519  0.0019511742975382696  0.0019723615586745044  -0.000986180779333601  -4.789004182871242e-16
0.9927869416312781  -0.012499999999999747  0.0006670577921047941  -3.5824436722162936e-16  2.789035342917045  0.0019508353597743112  0.001972499019861736  -0.0009862495099315998  2.2584830428875707e-15
1.00526882778747  -0.012500000000001416  0.0006668664134321058  3.275464870607354e-15  2.7890475977448954  0.001950496047393599  0.001972645015872103  -0.000986322507937321  5.328979529234733e-15
1.0177506604493425  -0.01250000000000203  0.0006666695792871828  1.0269902228503364e-15  2.7890592717820644  0.0019501577316846587  0.0019728008642248703  -0.0009864004321146853  2.3360545631764476e-15
1.0302324421160434  -0.012499999999998915  0.0006664673243804294  -2.3425319673671967e-15  2.7890704022965545  0.0019498201408399256  0.0019729662899376746  -0.0009864831449717237  4.8360896540578675e-15
1.0427141751540898  -0.012499999999999139  0.0006662596377380954  2.666418332630945e-15  2.7890810197682177  0.0019494823181335397  0.001973140429574987  -0.000986570214787737  1.6177087846997992e-15
1.0551958617896766  -0.012499999999998833  0.0006660464328232305  3.629750465558234e-15  2.789091162352892  0.0019491459872854867  0.001973325243677818  -0.000986662621839069  -8.30506342802263e-15
1.0676775040477522  -0.012499999999998415  0.0006658275185334292  2.0277089716238202e-15  2.7891008587386334  0.0019488106572971057  0.0019735206683680227  -0.000986760334182826  -1.9891372141866958e-15
1.080159103897642  -0.012500000000000415  0.0006656025720621995  -5.329515739984679e-15  2.789110130931932  0.0019484737321089477  0.00197372477007196  -0.0009868623850315039  -3.219368335138357e-15
1.0926406631672136  -0.012500000000000695  0.0006653711148547935  -8.807999932089675e-15  2.7891189985578917  0.0019481333763753483  0.0019739366523174005  -0.0009869683261541202  -1.0906995374849335e-14
1.1051221836501206  -0.012500000000000332  0.0006651324924627229  1.9322607399102085e-15  2.789127477113398  0.001947788382528785  0.0019741563576042374  -0.000987078178800447  3.47065664546371e-15
1.1176036670354463  -0.012499999999999139  0.0006648858601794783  -4.18957373068454e-15  2.789135584413894  0.0019474380424302066  0.001974384765996705  -0.0009871923830050927  1.1485615539487391e-14
1.130085114957283  -0.012499999999999583  0.0006646301755583548  -6.641675954369546e-16  2.789143331422177  0.001947079260254777  0.001974620725866685  -0.0009873103629439962  -4.609999800066716e-16
1.1425665290066296  -0.012500000000000028  0.0006643641984950092  3.026123058104877e-15  2.7891507239282185  0.0019467080081845395  0.0019748625164736117  -0.0009874312582392971  -6.202347392439631e-15
1.155047910765645  -0.012500000000000611  0.0006640864974289094  3.791282738113388e-15  2.789157771481735  0.0019463228473271753  0.0019751113614767217  -0.0009875556807324736  -1.9909813523438166e-15
1.1675292617397612  -0.012500000000001612  0.000663795458217927  4.2999853622286085e-15  2.7891644933536437  0.0019459253394110095  0.0019753718152967403  -0.000987685907645953  5.8752367519947754e-15
1.1800105833387389  -0.012500000000000807  0.0006634892934617427  -7.182722714111319e-17  2.789170909529755  0.0019455160969366657  0.001975647770518364  -0.000987823885266945  4.673675682298122e-15
1.1924918768890265  -0.012500000000000889  0.0006631660532117949  -2.3583033487913837e-15  2.7891770217725007  0.0019450917287359322  0.001975939351931485  -0.000987969675975382  -4.693399207797588e-15
1.2049731437845415  -0.01250000000000039  0.0006628236394003456  -3.443424000939669e-15  2.789182838260496  0.0019446519358589844  0.0019762499679700906  -0.0009881249839893051  -4.343461293460049e-15
1.2174543852785864  -0.012499999999999666  0.0006624598246622684  3.148594819285525e-15  2.7891883541277975  0.001944191470045063  0.001976578247762766  -0.0009882891238823278  2.356724667875514e-15
1.2299356028085326  -0.012499999999999472  0.0006620722704275399  -1.5247469178902595e-15  2.7891935612084175  0.001943704610349769  0.001976922527454807  -0.0009884612637264998  3.8585364338276995e-15
1.2424167977007108  -0.012500000000000195  0.0006616585344998616  -3.450951994017157e-15  2.78919847179653  0.0019431926224744726  0.0019772883492158336  -0.0009886441746061536  5.163895130370046e-15
1.2548979712825066  -0.012500000000000335  0.0006612160593753283  -3.0159243750124395e-15  2.789203070684984  0.0019426481511801248  0.0019776729163568643  -0.0009888364581782374  4.691441191366722e-16
1.267379125016285  -0.012500000000000445  0.0006607421373514344  3.987568357431465e-15  2.789207343356906  0.0019420642711080382  0.0019780742238935324  -0.000989037111943626  -1.668067750294433e-15
1.2798602603593312  -0.012499999999999335  0.0006602338558714885  5.4999007390889106e-15  2.7892112916765606  0.0019414397624681735  0.001978496428472038  -0.000989248214228103  2.9884424316256156e-15
1.2923413787572648  -0.01249999999999861  0.0006596880302440639  -1.202043703270073e-14  2.7892149147010423  0.0019407715788446827  0.001978942420378561  -0.000989471210186177  3.697193340050087e-16
1.3048224816758196  -0.01249999999999972  0.000659101133985665  -6.546564952891966e-15  2.7892181946885914  0.0019400525170212325  0.001979411599392582  -0.0009897057997010996  2.586998526276781e-15
1.3173035707193737  -0.01250000000000139  0.0006584692368056585  7.810996474482064e-15  2.7892211209040916  0.0019392781018079674  0.0019799068517146693  -0.0009899534258674607  1.3431432215124114e-15
1.3297846474496966  -0.012499999999999555  0.0006577879623174651  7.81893535437413e-15  2.7892236982675405  0.001938447349695315  0.0019804353713317804  -0.0009902176856725813  -4.343781353824529e-15
1.342265713427142  -0.012499999999999446  0.000657052478616943  -2.27063812911921e-15  2.7892259170211045  0.0019375559363223223  0.001981001828819902  -0.0009905009143979784  -9.957753939595726e-16
1.3547467703007448  -0.01250000000000189  0.000656257531515996  -2.7210662434645964e-15  2.789227752827675  0.0019365952393969803  0.001981607330970703  -0.0009908036654681274  1.338535443831152e-15
1.3672278198486818  -0.012499999999999557  0.0006553975255451812  -6.122785392096868e-15  2.7892291660246062  0.001935552260525466  0.001982249144098306  -0.000991124572045225  5.616063556316389e-16
1.379708864074929  -0.012499999999999333  0.000654466663286553  3.945185121549221e-16  2.789230126023413  0.0019344171566674018  0.0019829278932423392  -0.000991463946623835  1.1911960855997608e-16
1.3921899050313955  -0.012499999999999387  0.0006534591651192836  8.59701847109341e-15  2.7892306299099436  0.0019331873864158829  0.00198365125352746  -0.000991825626771408  -4.874930407471541e-15
1.4046709447481367  -0.012499999999997997  0.0006523695887295866  -3.935182358614279e-15  2.7892306792231993  0.0019318622769910602  0.001984427965861699  -0.0009922139829398704  -7.504413097599396e-15
1.4171519852632877  -0.012500000000000499  0.0006511932305868027  -8.554389605712698e-15  2.789230267344506  0.0019304384754405086  0.0019852626368989587  -0.000992631318448159  -1.5879665315052214e-15
1.429633028666133  -0.012500000000001335  0.0006499265652512104  -2.1143506442454183e-15  2.7892293729802295  0.0019289087288617392  0.001986153740441112  -0.0009930768702107722  -1.8377179449678356e-16
1.442114077185317  -0.0124999999999995  0.0006485677020069689  8.072307437487355e-15  2.789227976447192  0.0019272664727984262  0.001987097316614511  -0.000993548658300205  1.530809020473903e-15
1.4545951330863618  -0.012500000000000499  0.0006471168609752146  -5.263826397763992e-15  2.7892260750362556  0.0019255097072003432  0.001988089927237315  -0.000994044963618117  5.218398275687938e-15
1.467076198622248  -0.01250000000000011  0.0006455768327592225  -2.468513924526813e-15  2.7892236873799776  0.0019236428417875873  0.001989129626517987  -0.0009945648132611245  4.334809871386059e-15
1.479557275891598  -0.012499999999999888  0.0006439533838680197  5.17413376023472e-15  2.7892208548979704  0.0019216765613057417  0.001990215103887248  -0.0009951075519502208  2.73976148489942e-15
1.492038366776735  -0.012500000000000165  0.0006422556134853894  -3.117453221850276e-16  2.78921763172339  0.001919625431041406  0.0019913429032738825  -0.0009956714516479758  -5.869601659206572e-15
1.5045194728919637  -0.012500000000000667  0.0006404961442494675  6.9231449007220805e-15  2.789214083873553  0.0019175072530032491  0.001992506784910633  -0.0009962533924588884  -9.794209498916212e-15
1.5170005955287797  -0.012500000000000167  0.000638690960353531  -7.121347783310658e-15  2.7892102870984554  0.00191534279118476  0.00199369772010095  -0.000996848860047303  -1.911972189303805e-15
1.529481735623501  -0.012499999999999054  0.0006368592473602029  -2.8777723818475716e-15  2.7892063265646865  0.0019131554085495364  0.0019949040860881223  -0.0009974520430476915  3.0542274998518657e-15
1.5419628937054541  -0.012500000000000221  0.0006350227941492728  1.847003745498529e-15  2.789202303500077  0.0019109731510161046  0.001996112109828811  -0.0009980560549173048  4.938711663813979e-15
1.554444069805084  -0.0125000000000005  0.0006332083881598892  -1.06894751548815e-14  2.78919833227457  0.0019088277854461206  0.0019973064467803643  -0.0009986532233824973  7.438286383975399e-15
1.5669252634281041  -0.012499999999999723  0.0006314570293370047  5.7862015955677185e-15  2.789194615675851  0.001906776280171773  0.001998458875185268  -0.0009992294375870481  3.4607349688992373e-15
1.5794064727900785  -0.01249999999999989  0.0006297118172200769  1.634958655536438e-14  2.7891916317019927  0.0019049538949603528  0.0019995053356908496  -0.0009997526678477246  -5.5856219250882135e-15
1.5918876931187123  -0.012499999999999888  0.0006293615541720168  8.982985401675483e-15  2.7891980199105686  0.0019058169490913895  0.0019999955612655107  -0.0009999977806349094  -9.276255617357365e-15
1.6043688453084328  -0.01249999999999911  0.000633583427938074  -2.3680277256034513e-14  2.78922116063458  0.0019114638097426492  0.002  -0.0009999999999989343  -3.3020940976672815e-15
1.6168498585377749  -0.012500000000001335  0.0006394103899688495  1.8977217546407934e-15  2.7892534850855855  0.0019197415634664404  0.002  -0.0009999999999958712  3.3916888421476698e-15
1.6293307214429558  -0.012500000000001111  0.0006449739431485529  -1.3246566445026294e-15  2.7892852696617774  0.0019278844037774075  0.002  -0.0009999999999921604  3.2166286635850425e-15
1.641811450225555  -0.012500000000001057  0.0006497260805193163  -1.0195376137865607e-14  2.789313124565516  0.001934927611754173  0.0020000000000000005  -0.0009999999999885155  5.8185787210001536e-15
1.6542920638567233  -0.012499999999999723  0.0006536864989188945  1.7776055689645864e-14  2.7893366494523395  0.0019407567222392377  0.002  -0.00099999999999299  7.856228421279901e-15
1.6667725821186155  -0.012500000000001224  0.0006567820165794161  5.2333887969488665e-15  2.7893558602643553  0.0019453756381337568  0.002  -0.0010000000000045671  7.080524727248584e-15
1.679253023837668  -0.0125  0.0006592506103769787  3.223457632609162e-15  2.7893717550921924  0.001949067749879255  0.002  -0.0010000000000070326  -6.21971866858818e-16
1.6917333998631003  -0.012499999999999777  0.0006613482342094893  1.208779669030495e-15  2.7893853687199046  0.0019521268391707032  0.002  -0.0010000000000018796  -1.2291298994697033e-14
1.7042137197605325  -0.012500000000001222  0.0006629716559234539  8.78951811400408e-15  2.789396569076119  0.001954514919727742  0.002  -0.0010000000000030972  -2.6539983689238103e-15
1.7166939955604135  -0.012499999999998554  0.000664145638339455  9.632159937072504e-15  2.789405529308546  0.0019562807422004477  0.0019999999999999996  -0.0010000000000094107  4.008828093423253e-15
1.7291742352784887  -0.012499999999997777  0.0006650986300382436  1.2846446282517567e-14  2.789413137901541  0.0019576766637019478  0.002  -0.0010000000000092257  1.6452358228313603e-15
1.741654442994349  -0.012500000000000611  0.0006658683258329391  2.242826469068631e-14  2.78941964028437  0.0019587720371643013  0.002  -0.001000000000000806  -2.0439918436065817e-15
1.7541346245274105  -0.012500000000000167  0.0006663471981534907  2.0647120536062183e-14  2.789424685454425  0.0019594666622611704  0.002  -0.0009999999999930065  -9.609108909895066e-15
1.766614787097955  -0.012500000000002169  0.0006665708601695183  2.4399867650366034e-14  2.7894284513595236  0.0019598107592352157  0.002  -0.0009999999999957257  8.749794395835074e-16
1.7790949349329483  -0.012499999999999725  0.0006667116117984621  1.682266386013457e-14  2.7894317050253292  0.001960022135855108  0.002  -0.001000000000001762  4.226600179191539e-15
1.7915750683891294  -0.012499999999999166  0.0006668888487574462  1.4627291899662145e-14  2.7894349981594964  0.0019602574627196603  0.002  -0.0009999999999980428  -3.0488557087045377e-15
1.8040551867567054  -0.012500000000000167  0.00066706973485771  1.4417138432943394e-14  2.789438241661168  0.0019604910043004636  0.002  -0.0009999999999980688  -6.319069013078434e-16
1.8165352911896206  -0.01249999999999911  0.0006671697027525947  -1.3317123161149016e-14  2.7894410940771612  0.0019606253753222374  0.002  -0.0010000000000035254  7.960778952530623e-17
1.8290153840334553  -0.012500000000000778  0.0006671942763866017  1.8842472221425498e-14  2.789443551881868  0.00196065919161388  0.001999997188280117  -0.0009999985941433489  3.2876637502835994e-15
1.8414954664737238  -0.012500000000000332  0.0006672036174818405  3.435115473530617e-14  2.7894458566656786  0.0019606609478589614  0.0019999894223222386  -0.0009999947111655986  7.170431684937154e-15
1.8539755386941508  -0.012499999999998276  0.0006672193644093139  -2.238319558124005e-14  2.7894481307657317  0.0019606650985360794  0.001999980512329528  -0.0009999902561649812  -1.1889251317893865e-15
1.8664556007856052  -0.012499999999999777  0.000667225650247273  -1.8156822442402444e-14  2.7894503517852822  0.001960664995966116  0.0019999764502388506  -0.000999988225112982  -1.4778947508869372e-15
1.8789356531322743  -0.012499999999998831  0.0006672320595978806  1.2342363535616032e-14  2.789452558190698  0.0019606713804685306  0.0019999705651214984  -0.0009999852825597036  -9.149567946971914e-16
1.8914156954807302  -0.012500000000000889  0.000667261362294443  4.931187675010123e-16  2.7894547834507737  0.0019606934463992564  0.001999958235886782  -0.0009999791179456517  -1.2400614220346903e-14
1.9038957279157163  -0.012500000000002169  0.0006672806673636075  -2.603268209579387e-15  2.7894570155707528  0.001960727597078069  0.0019999421608453494  -0.000999971080422166  -7.26561816865431e-15
1.9163757502912053  -0.01249999999999822  0.0006673577366303808  1.2608487531435617e-14  2.789459404084476  0.001960816061762195  0.001999902652654312  -0.0009999513263267393  3.459858808729692e-15
1.9288557613537485  -0.012499999999999777  0.0006674527405016521  -6.81804992324245e-15  2.7894617892963973  0.001960913215563586  0.0019998591776101385  -0.0009999295888060142  -6.531338533601259e-17
1.941335762386406  -0.012500000000000778  0.0006674787886167037  -8.368495730375824e-15  2.7894640700447813  0.0019609900597150932  0.001999826033919839  -0.0009999130169628992  -2.992984965731925e-15
1.9538157530409466  -0.012499999999999888  0.0006676385834894694  -6.34189573583343e-15  2.7894666655515117  0.001961165585813993  0.0019997481352483186  -0.0009998740676279323  4.144710871535359e-15
1.9662957308491458  -0.012499999999999779  0.0006678031430065763  -2.080777488921549e-14  2.7894692416439026  0.001961344590068966  0.0019996695363501222  -0.0009998347681758092  7.627622417928641e-15
1.978775698453006  -0.012500000000001612  0.000667825545536528  -1.3248608281029935e-14  2.7894711529296163  0.00196134320749763  0.0019996751289625197  -0.0009998375644753132  1.7084320052033777e-15
1.9912556591591657  -0.012500000000000558  0.0006675295775103135  -9.766052306902892e-16  2.7894717580961537  0.0019609788434149468  0.001999850537025326  -0.0009999252685028918  1.3235501116506068e-15
2.0037356213480852  -0.012499999999999609  0.0006676459304461257  -5.445777646479736e-15  2.7894770337209582  0.001961951442255312  0.002  -0.0009999999999965414  1.2680338421087705e-15
2.0162155348486674  -0.012499999999998441  0.0006706605152506008  7.462305064384418e-15  2.789492671819542  0.001965880007020169  0.002  -0.0009999999999995026  -4.752764955550836e-15
2.0286953571108985  -0.012500000000002615  0.0006739433664941166  3.593529921755287e-15  2.7895103125737055  0.0019703863639919986  0.002  -0.0009999999999925082  -4.304443448178023e-15
2.0411751127668873  -0.012500000000001057  0.0006755608463333202  -3.0601512006618053e-14  2.7895215488945393  0.001973078665177335  0.002  -0.0009999999999943192  2.37522094858625e-15
2.053654834490695  -0.012499999999999888  0.0006767373682552285  -6.641466972834387e-14  2.789528846068902  0.0019746580172683484  0.001999601705753852  -0.0009998008528778477  -1.9764861557546095e-15
2.0661345248548453  -0.012500000000001113  0.0006775116489554144  -5.373947976493724e-14  2.789531318795658  0.0019748724019253002  0.001999384249909148  -0.00099969212495013  -4.817783584957002e-15
2.078614224453735  -0.012499999999997999  0.0006757555556095268  1.8775889735210328e-14  2.789532887272241  0.001974836827412306  0.0019997825441552966  -0.0009998912720737842  8.603968805788246e-15
2.091093900783889  -0.012499999999998221  0.0006818829425428395  -2.9292733318874416e-14  2.7895707579369544  0.0019851362319059773  0.002  -0.0010000000000025498  -2.1745636306187183e-15
2.1035732615433025  -0.012500000000002835  0.0007004710846888897  -6.270336371263973e-14  2.7896626767582258  0.0020108208745319555  0.002  -0.000999999999989999  -8.211785959791043e-15
2.1160521154844796  -0.012500000000001612  0.0007212666038571585  -8.602699167509428e-15  2.7897648976440235  0.002039446191019126  0.002  -0.0009999999999828649  9.870979491693595e-15
2.1285305617363144  -0.012500000000000223  0.0007324672028097076  -5.740552219061185e-15  2.789824728377477  0.002056017848094574  0.0019999432560810506  -0.0009999716280374737  8.127367774588253e-15
2.1410088804358933  -0.012500000000000443  0.0007333236615793836  -9.284488465067167e-15  2.7898378679438354  0.002059309477380023  0.0019999432560810506  -0.000999971628048511  2.0156100167436236e-15
2.153487209145847  -0.012499999999999555  0.0007354591613282617  3.525784295306336e-14  2.7898667351715787  0.0020670837044048174  0.002  -0.001000000000008329  -3.4756927654429578e-15
2.165965269617619  -0.012499999999997164  0.0007619275544549902  3.2331986238866005e-14  2.7900238351688698  0.0021113654313646823  0.002  -0.0009999999999991684  -9.545097544600135e-15
2.178442193138024  -0.012500000000001336  0.0008383204545665956  -7.123964349800475e-15  2.7904398297777626  0.0022293898158234878  0.002  -0.000999999999988648  -6.106382119200739e-15
2.190916533573611  -0.012500000000002948  0.0009869594195656079  -1.800036974105579e-14  2.7912277661824243  0.002453497887433798  0.002  -0.0009999999999926817  7.618334736620583e-15
2.203386414125364  -0.01250000000000039  0.0012217513978080837  2.3255875683666977e-14  2.792459592893364  0.0028045328800467093  0.002  -0.0010000000000032106  9.847486353501124e-15
2.2158497519348286  -0.012499999999999612  0.0015473538652681868  4.383728687857296e-14  2.7941613204133198  0.0032904942105804686  0.002  -0.0010000000000016096  -4.4518961049099124e-15
2.228304448694221  -0.012499999999999387  0.0019619900479517496  -3.5937305470672675e-14  2.796324543791517  0.0039097863282831335  0.002  -0.000999999999992838  -8.155496736462656e-15
2.2407485115777988  -0.012499999999999609  0.00245964781729031  -3.328288910472826e-14  2.7989177515170365  0.004654360326901287  0.002  -0.0009999999999874202  -2.999259469657424e-15
2.2531801412205534  -0.012500000000000894  0.003031138131114838  2.2757245821244352e-14  2.8018936573938342  0.005511700593885397  0.002  -0.0009999999999900356  5.3005630377710165e-15
2.265597785165055  -0.012500000000001565  0.0036661521033146956  -1.3634514758153045e-14  2.805199105456273  0.00646756455540545  0.002  -0.000999999999997871  3.904627764885996e-15
2.278000135743942  -0.012500000000002577  0.004355146451109316  3.810070245956635e-15  2.808783371764733  0.007508304114399416  0.002  -0.0009999999999984743  -1.801115947281197e-15
2.2903861084987773  -0.012500000000001121  0.0050890854107301  3.5507967116634945e-14  2.8125985148525006  0.008620926629999547  0.002  -0.00099999999999577  3.582859394024432e-15
2.3027548362181114  -0.012499999999996854  0.005859123708111876  -5.702799399791682e-16  2.8165987525663407  0.009792888521388597  0.002  -0.0009999999999990542  4.163317788694616e-15
2.3151056524138585  -0.012499999999997468  0.0066576429706568215  5.80387536713577e-15  2.8207444011449345  0.011013240190485118  0.002  -0.0010000000000037835  2.483782474623858e-16
2.327438050598398  -0.01250000000000141  0.007478688085183556  3.0143970897938025e-14  2.8250033574321725  0.01227308169672885  0.002  -0.0010000000000041157  -2.3036229078797715e-15
2.3397516551528676  -0.012500000000003498  0.008316912174340033  4.5518563990261946e-14  2.8293476448188164  0.01356457115769257  0.002  -0.0010000000000027385  8.859565500565335e-16
2.3520462113683966  -0.01249999999999966  0.009167617906610028  9.398734530104024e-15  2.833753600573612  0.014881004184300176  0.002  -0.0010000000000066167  5.736999629785901e-15
2.3643215551462755  -0.012499999999998812  0.010027812731051652  2.70593994839589e-15  2.8382049833176293  0.016217774512587296  0.002  -0.0010000000000094924  1.8112814839371088e-15
2.376577576651997  -0.012499999999997789  0.010895421427236202  2.005651969722902e-14  2.8426901774819675  0.01757157719906939  0.002  -0.0010000000000078913  2.6326687449040347e-15
2.3888142150066205  -0.012499999999996252  0.011768244431443265  -3.367072900736568e-14  2.847198541898454  0.018939333735843975  0.002  -0.0010000000000068565  -1.4398618251263177e-15
2.4010314539608117  -0.012500000000001649  0.012644904180765597  -4.259705050110211e-14  2.851723174579349  0.020319046309691842  0.002  -0.0010000000000043576  -9.299629244753988e-15
2.4132292930827504  -0.012500000000003135  0.013525117160633192  -2.6430843602515832e-14  2.856261548138144  0.021710017505815186  0.002  -0.0010000000000053972  3.715242242311732e-15
2.425407738449338  -0.012499999999998802  0.014408371355182841  -3.248849384207078e-14  2.8608112774518615  0.023111576740368497  0.002  -0.0010000000000095356  1.009036180767892e-14
2.43756681043926  -0.012500000000002686  0.015294230041681888  2.1478173527303564e-15  2.865370953572774  0.024523344038270955  0.002  -0.0010000000000073036  -6.728187434930367e-15
2.449706527438167  -0.012500000000000285  0.016183323097221234  -7.043629111724365e-15  2.8699429669226966  0.02594611640908641  0.002  -0.0010000000000030614  -1.1213650989531959e-14
2.4618268898614484  -0.012499999999997478  0.017076290043857623  5.6476377943019386e-15  2.874530180150803  0.027380851546305214  0.002  -0.001000000000000418  -4.222269225159128e-17
2.4739278923631054  -0.012499999999999713  0.017973217039938996  5.177644247465702e-14  2.8791338615899944  0.02882802392873811  0.002  -0.0009999999999984969  7.474530435471396e-15
2.4860095253397394  -0.012500000000001036  0.01887466995946467  -5.691296464530348e-14  2.883756708089181  0.030288570427955554  0.002  -0.0010000000000038082  8.768812988593971e-15
2.4980717616228807  -0.012500000000001383  0.01978134211456218  -8.407287885764484e-14  2.8884010447985737  0.031763324308993604  0.002  -0.0010000000000152521  7.397277090455493e-15
2.5101145731268057  -0.012499999999997922  0.020692579588043658  -2.879012278915352e-14  2.893064313603492  0.0332515707380866  0.002  -0.0010000000000196867  -7.041699010903381e-17
2.5221379550545984  -0.01249999999999734  0.02160729514515895  -1.0214230175345238e-14  2.8977412416717883  0.03475170830545492  0.002  -0.0010000000000113987  -1.2930671507687324e-14
2.534141923964431  -0.01249999999999919  0.022524322308337518  5.384537217862003e-15  2.902424781678437  0.03626152656459488  0.002  -0.0010000000000029222  -8.679020042055969e-15
2.5461265337713384  -0.01250000000000081  0.023441008577779324  2.522420326672513e-14  2.9071014008950598  0.03777666076649036  0.002  -0.001000000000003786  1.6052536447976749e-15
2.558091912386042  -0.012499999999999999  0.024353179364873988  4.0255568889740135e-15  2.9117508276449255  0.039290460784015796  0.002  -0.0010000000000037145  -2.342981441582297e-15
2.570038279018795  -0.012500000000000582  0.025256160049557108  -3.303305653744077e-14  2.9163481885314537  0.04079463723694256  0.002  -0.0009999999999937394  -8.708254673235363e-15
2.581965962444184  -0.012500000000001165  0.026143423462364854  6.904823290943651e-15  2.9208605621041563  0.04227808966399203  0.002  -0.0009999999999838177  -3.5240137946081944e-15
2.5938754458768765  -0.012499999999998715  0.02700652770629669  -1.2825964447312065e-15  2.9252453608699387  0.04372631921879426  0.002  -0.0009999999999835978  2.456216117013185e-16
2.605767397601229  -0.0124999999999993  0.027835471373495638  1.197276907467153e-14  2.9294526538959653  0.04512214126383882  0.002  -0.0009999999999857866  -1.312278756314245e-15
2.6176426960797805  -0.01250000000000152  0.02861907723381325  6.224588884536158e-14  2.9334250606523753  0.046445620190626744  0.002  -0.0009999999999916816  6.9374497608343695e-15
2.629502461010707  -0.012500000000001408  0.029344183600416962  2.792617431952873e-14  2.937099205664375  0.04767454666390043  0.002  -0.0010000000000063155  8.342278882490417e-15
2.641348066571148  -0.012499999999999765  0.02999897096048331  -5.339063533313478e-15  2.9404147447703357  0.048787493754400404  0.002  -0.0010000000000094194  3.1576057360649153e-16
2.6531811001383883  -0.012500000000001643  0.030572611662693747  -3.5674091594210104e-14  2.943320402594319  0.049765935364858245  0.002  -0.0009999999999950587  -1.9631778101910137e-15
2.6650033283178423  -0.012499999999999529  0.031058755770290915  -2.9146673832707694e-14  2.9457834886819034  0.05059758856470588  0.002  -0.0009999999999871392  -4.866249779379581e-15
2.6768165812616296  -0.012499999999998472  0.03145488084569772  1.9728241543549148e-14  2.9477946988081385  0.05127817244606908  0.002  -0.0009999999999917876  -3.3729094007512712e-15
2.6886226822748283  -0.012499999999998354  0.031765545900679544  -1.2241298803104805e-14  2.9493747864527013  0.05181379299515884  0.002  -0.0010000000000031776  2.813731351090134e-15
2.7004232805874793  -0.012499999999998472  0.03199904654035344  5.081376959187317e-15  2.9505659144551215  0.052218068277985204  0.002  -0.0010000000000077636  1.7602259220305307e-15
2.7122198511051683  -0.012500000000003647  0.032166910593309235  -6.219608505266705e-14  2.9514267125600364  0.05251045924620786  0.002  -0.0009999999999913737  3.65258250927988e-15
2.7240135668457617  -0.012500000000004237  0.032283311231374366  -4.942000325371665e-14  2.952025441448479  0.05271389900256958  0.002  -0.0009999999999822469  5.602712365596451e-15
2.735805352601397  -0.01249999999999894  0.032360651807869914  2.058892693293378e-14  2.9524259365392687  0.05284995834497181  0.002  -0.0010000000000028428  3.392044429656484e-15
2.7475958688910036  -0.012499999999996469  0.03241007825066098  -5.0096463706987766e-14  2.952683901801616  0.052937525117224146  0.002  -0.001000000000018317  -3.2569446072406044e-15
2.759385594304789  -0.012499999999999059  0.03244088916968951  -3.743663870592167e-14  2.9528463385951813  0.05299257178482307  0.002  -0.001000000000005052  -1.0028578702656787e-14
2.771174813423935  -0.012499999999999175  0.03245974095676415  1.6319585967774914e-14  2.952946086015097  0.05302626967193587  0.002  -0.0009999999999876293  -7.362904292002663e-15
2.782963742358563  -0.012500000000001649  0.03247063922949294  3.53512482867522e-14  2.953007297973344  0.05304684200009935  0.002  -0.0009999999999863664  4.4002840262387395e-15
2.7947524727317443  -0.012500000000000705  0.03247792486079658  1.6305619180327026e-14  2.9530450110624042  0.05305940954931725  0.0019999767338622475  -0.0009999883669276062  1.0939235381686096e-14
2.806541100556739  -0.012500000000000825  0.0324807041777057  1.8086780758105327e-14  2.953063113552171  0.05306529627531269  0.0019989313403504343  -0.000999465670166283  -1.6855465541122242e-14
2.81832968639868  -0.012500000000001885  0.0324825429027815  -5.111896674912259e-15  2.9530722839956076  0.05306814046620853  0.001997033153346028  -0.000998516576640963  -2.4669668339077216e-14
2.8301182410071926  -0.012499999999999645  0.03248399123210759  1.0279706625382884e-14  2.9530796030211475  0.0530703546927772  0.0019953152244423667  -0.0009976576121895338  2.455504444407087e-15
2.841906768414717  -0.012499999999999649  0.03248527901696639  4.3919321563872505e-14  2.9530857471579317  0.05307216936250769  0.001993663359828728  -0.0009968316799053127  1.5032065269592344e-14
2.8536952739690618  -0.012499999999999529  0.03248616519118765  4.020975839139463e-14  2.9530903262951256  0.05307345141502767  0.00199213030624282  -0.0009960651531221213  1.650110846754277e-14
2.865483764817393  -0.012500000000001647  0.032486822854010354  2.7466702886013407e-14  2.9530940207495764  0.0530744325701642  0.0019906541728159748  -0.0009953270864098223  5.947630168384212e-15
2.8772722408759406  -0.012500000000000707  0.032487683420246834  2.779000428426076e-14  2.953098030214785  0.05307552157962834  0.001989081089430831  -0.0009945405447210817  2.1480964746752332e-15
2.88906069971345  -0.012499999999996821  0.03248842689697178  2.1201281184587245e-14  2.9531013356682143  0.053076371035891634  0.0019875123364214327  -0.0009937561682112086  -4.955925710629831e-16
2.9008491493819624  -0.012499999999998823  0.0324886944100793  -9.239139593565939e-15  2.9531025282524133  0.05307650065387412  0.0019858108597773606  -0.0009929054298821937  -2.415265811608513e-15
2.9126375986981228  -0.012500000000000119  0.032489219191947916  -2.0912088356032716e-14  2.953103031924889  0.05307639555149741  0.001983528535351146  -0.0009917642676769613  6.5169574504534615e-15
2.924426044345419  -0.012499999999998823  0.03249010102695381  -2.854588916338517e-14  2.9531036508948234  0.05307632964023015  0.001980843529296319  -0.00099042176466236  6.642462467693046e-15
2.936214488719835  -0.012500000000001883  0.032490472816529524  -6.476224823449846e-15  2.95310244814801  0.05307564269914896  0.001978257138816934  -0.000989128569426782  -3.395813514292381e-16
2.9480029439697155  -0.012500000000001649  0.032490368911165746  8.9656155334717e-15  2.9530986922228033  0.05307408532156414  0.0019758558054258964  -0.000987927902724179  -1.0398957364243996e-14
2.9597914183306453  -0.012499999999999177  0.03248987585538621  3.1423332325050413e-15  2.9530925429478314  0.05307171181744295  0.001973614159990124  -0.0009868070799959922  -9.074235597471272e-15
2.9715799226750255  -0.012499999999998351  0.03248871428295875  7.543891774134617e-15  2.9530827227461365  0.05306808681232404  0.001971692670566733  -0.0009858463352851825  6.60568600403093e-15
2.983368475439122  -0.01249999999999788  0.032486360987706894  1.1554150142688562e-14  2.9530666288454954  0.05306232323945548  0.0019704106446436056  -0.000985205322330806  4.928270738786952e-15
2.9951571082761843  -0.012499999999999647  0.03248196663455075  6.14162494933779e-15  2.95304014934627  0.053053019690919814  0.0019702681680155544  -0.0009851340840146368  -1.0731874320514226e-14
3.0069458724540437  -0.012500000000001059  0.03247430582392454  -1.2894512031669524e-14  2.952998691355232  0.05303861121207404  0.001971831473974826  -0.000985915736985382  -1.0070452735257093e-14
3.018734836301838  -0.012500000000000355  0.03246198503097395  -1.524109592357465e-14  2.9529356457939304  0.053016846371930895  0.001975918457182934  -0.0009879592285845801  -8.774772209038057e-16
3.030524103869446  -0.012500000000001413  0.03245181236813795  -9.098453136457784e-15  2.9529498209840117  0.053021392171193754  0.0019702098926015323  -0.0009851049462908344  -2.3554769362414e-15
3.0423129545371186  -0.012500000000000587  0.03252491304524799  3.201347553713712e-14  2.9532702885557125  0.053130337749548756  0.001926156707603125  -0.0009630783537882253  2.9259169628500375e-15
3.054099663764725  -0.012500000000000707  0.03270158558938974  4.3392841575726635e-14  2.954026837671613  0.05338809663394581  0.0018275967070073866  -0.000913798353494807  1.0346058334549692e-14
3.0658824769986466  -0.012499999999997055  0.03297738338957207  4.463438596089621e-15  2.9552092674563144  0.05379160413916814  0.0016758356334380326  -0.0008379178167152253  -1.4489340039465501e-15
3.077659756313068  -0.012500000000000119  0.03334170043636698  4.6396844759359265e-14  2.9567657249674504  0.05432374202705893  0.0014773912319184148  -0.0007386956159556924  7.721311720972727e-16
3.089430168090317  -0.012500000000001768  0.033769887386076634  5.3218044428233387e-14  2.9585969983091047  0.054951192926846956  0.001244667218847704  -0.0006223336094261843  9.695594960698536e-15
3.1011928726881535  -0.012500000000000119  0.03423628375570658  -9.218159038219913e-18  2.960604710704355  0.055640760403160586  0.0009899395196708164  -0.0004949697598448715  2.888985939143009e-15
3.112947326027408  -0.01249999999999811  0.034733768891052244  2.43002386826393e-15  2.962747017415843  0.056378476842066025  0.0007184442569342434  -0.00035922212847497943  -6.480081680958751e-15
3.1246930261775447  -0.012499999999997872  0.03525599103019949  -1.128281655428425e-14  2.964981124157802  0.057149893649767816  0.00043552006393953043  -0.0002177600319710515  -1.8858177023868178e-15
3.1364297723591608  -0.012499999999999525  0.03577477960422011  -5.900740991889494e-14  2.9672053840778765  0.05792000387686426  0.00015379017274368917  -7.689508637134623e-5  1.747106770748212e-15
3.1481578695055297  -0.012499999999999881  0.03627256477914782  -2.736472537343562e-14  2.9693611931088535  0.05866843275303485  -0.00011948862266688906  5.9744311334862834e-5  -1.0614740819726205e-14
3.159877579608058  -0.012500000000001303  0.03676718116305096  -6.198545456868026e-15  2.9714896015158274  0.059409317300498955  -0.0003894246571734824  0.0001947123285915081  1.4956887822458664e-15
3.171588881658486  -0.012500000000000832  0.037254840760184045  -1.5743916107202136e-14  2.973557334955844  0.06013090507743744  -0.0006519205509045185  0.0003259602754553824  1.2583778133836407e-14
3.183292298092908  -0.012499999999996321  0.03768723094347669  -2.521277935675601e-14  2.9754145468679924  0.06078053528160486  -0.0008884677470798834  0.0004442338735407207  -1.8644138617246325e-15
3.194988984287259  -0.012499999999998696  0.038063719083985655  -2.3548918013267278e-14  2.9770681566053856  0.06136020255737275  -0.0010999640314134842  0.0005499820157094945  -7.709435435596457e-15
3.206679402901476  -0.012500000000000592  0.03844078787759965  -6.621703662518525e-15  2.9786704829958497  0.06192303129989454  -0.001305277030032196  0.000652638515020084  -2.5043246983683126e-15
3.2183635084167896  -0.012500000000001427  0.03879058465803255  8.866467167481724e-15  2.9801148347065003  0.06243124543824734  -0.0014912666714623213  0.0007456333357329431  -1.6109359758424358e-15
3.2300425976344393  -0.012500000000003805  0.03902945449875638  3.11252229636066e-14  2.9811712920455022  0.0628034779917638  -0.0016295871706095318  0.0008147935853046707  -3.945452864730927e-15
3.2417184231595817  -0.01250000000000119  0.039218136537727696  2.7236091038387867e-14  2.9820420707219593  0.06311066851677793  -0.0017452477953823998  0.0008726238976904184  1.6260558988192434e-15
3.2533906926524034  -0.01249999999999667  0.03945957324262393  1.5777360708205225e-14  2.98300184980421  0.06344966277515937  -0.0018721698722073512  0.000936084936106075  9.685467468737653e-16
3.2650590060709863  -0.012499999999999881  0.03964330785385191  9.776681869156911e-15  2.9837122599979384  0.06370073810704657  -0.0019686263108366496  0.000984313155426728  -7.625599608099356e-17
3.276725717702084  -0.012500000000000237  0.03966735754934127  1.7308500145132603e-14  2.9838383125396346  0.06374516261238933  -0.001999189821673135  0.0009995949108416165  4.556526753756551e-15
3.288393045236505  -0.012500000000002022  0.03961956324664248  9.552468539724478e-15  2.983526238452436  0.0636345373022065  -0.002  0.000999999999998732  -8.653175414797134e-16
3.3000621977130877  -0.012500000000002379  0.03951082460037228  -5.9251900842289645e-15  2.9828883635907326  0.06340869542769087  -0.002  0.0010000000000010632  -4.382543385432248e-15
3.3117345159166534  -0.012500000000002733  0.03933047668766516  -1.0048190748633898e-14  2.981866100877701  0.06304712775508306  -0.002  0.0010000000000033376  8.057289700025436e-17
3.32341167104028  -0.012500000000000594  0.03905976878741282  -3.800094410888822e-15  2.980353936275879  0.06251297279798962  -0.002  0.0010000000000010391  1.0892973206077091e-15
3.3350958373435993  -0.012499999999998812  0.03867114223575028  2.074835886615261e-15  2.9782011391810173  0.06175385101576266  -0.002  0.000999999999998657  3.508281126930072e-16
3.3467898813006074  -0.012499999999998101  0.038127559365172356  -1.4885497735450468e-15  2.9752091442450395  0.060701340247668704  -0.002  0.0009999999999968565  1.2133907856023766e-15
3.3584975614795733  -0.012499999999996568  0.037382434824177364  -8.824066753080262e-16  2.9711332544098172  0.05927222782174922  -0.002  0.0009999999999970644  3.6725394948302137e-16
3.3702237152311065  -0.012499999999999173  0.036381219854801874  4.185582314458727e-15  2.9656943812173173  0.05737360402902491  -0.002  0.000999999999999138  -2.0395567235675632e-16
3.3819743824056174  -0.012500000000001062  0.03506604362881825  7.032107646134187e-15  2.9586078723720437  0.05491419486035662  -0.002  0.0010000000000001707  6.296083214330081e-16
3.3937567853861568  -0.012500000000000937  0.0333848457155637  1.482359291387515e-15  2.9496354091236436  0.05182364014251707  -0.002  0.0010000000000001722  1.113790722074093e-15
3.4055790619734134  -0.012500000000000934  0.03130552040337086  1.5223490314949918e-15  2.938659457937084  0.048078660561978084  -0.002  0.0010000000000009832  -2.250790922548356e-15
3.4174496598423683  -0.012499999999999536  0.028833153498188185  5.455639214580263e-15  2.925766125713527  0.04372992298452546  -0.002  0.0010000000000009433  -1.56276377661815e-15
3.4293763800950186  -0.01249999999999861  0.026024769509278303  -1.4229594315889098e-14  2.9113054878174767  0.03891795897371898  -0.002  0.0009999999999990687  1.4015333329227448e-15
3.441365209026156  -0.012499999999996545  0.022993317036742664  -2.5419661309623792e-15  2.8958909971891393  0.03386560278945535  -0.002  0.000999999999999591  2.276595471613363e-16
3.4534192436496585  -0.01250000000000126  0.019894428209884563  9.332914192121716e-15  2.88031574756541  0.02884242538658675  -0.002  0.0010000000000009047  2.4170730895026925e-15
3.4655380798019078  -0.012500000000001024  0.01689719457274996  3.584479506717025e-15  2.8654026357265385  0.02411119485631211  -0.002  0.0010000000000021853  -1.4281875540599173e-15
3.477717901619067  -0.01249999999999841  0.014149555208364464  2.2589643892748897e-14  2.851843487088513  0.019877284440638694  -0.002  0.0010000000000060212  -6.327367837182576e-15
3.4899522341586287  -0.012500000000002823  0.011752329465534938  6.782682538688809e-17  2.8400886914370234  0.016259988244377306  -0.002  0.0010000000000039485  1.7193609512517343e-15
3.50223306930926  -0.012500000000000113  0.009750367755387741  -2.1172311306157056e-14  2.8303184977147455  0.013291671227512323  -0.002  0.0009999999999933838  8.047175602424018e-15
3.5145519981128035  -0.012499999999997529  0.008139706000847662  5.168673155231594e-15  2.82248511474213  0.0109372703778505  -0.002  0.0009999999999956283  -2.9917747882143376e-15
3.526901083922901  -0.012500000000002355  0.006883310319597439  1.933772246152816e-14  2.8163901905487334  0.009121288487694917  -0.002  0.0010000000000162015  -1.1934981172544466e-14
3.5392733813978436  -0.012500000000003024  0.005927633006263372  -1.0208235777095214e-14  2.811763049024415  0.007752037683321476  -0.002  0.0010000000000127288  6.514224978269517e-15
3.5516631401159406  -0.012499999999997315  0.005215392775527437  6.155402734564036e-15  2.808320002543261  0.006738499397313002  -0.002  0.0009999999999924197  4.7039693084155736e-15
3.5640657906541375  -0.012500000000000894  0.004693395329058439  1.0967673104831982e-15  2.8058001587660137  0.005999625410889269  -0.002  0.000999999999999751  -6.411611157205462e-15
3.5764778118634024  -0.0125  0.004316199236246346  -3.503988598147238e-15  2.803981829165739  0.005467982717111479  -0.002  0.0010000000000040584  2.303280658777691e-15
3.5888965525280954  -0.012499999999999218  0.004047036309840922  1.140621481840425e-14  2.8026862056618524  0.005089956414593179  -0.002  0.0010000000000031958  -7.484067325288372e-15
3.6013200515739086  -0.01250000000000134  0.0038572387948726085  3.771130321526849e-15  2.801774156899435  0.004824241261116536  -0.002  0.0010000000000109687  7.697231840897299e-16
3.6137468785534828  -0.012500000000000112  0.003725031482438023  -9.043499239112634e-15  2.80114014690398  0.004639722422914113  -0.002  0.0010000000000044448  1.1686854918888138e-14
3.6261760019879863  -0.012499999999999888  0.0036341890166530673  1.356248739364035e-14  2.8007055894474657  0.004513342584235869  -0.002  0.0010000000000029061  -8.076708948839047e-15
3.6386066855022956  -0.012500000000001338  0.0035726878446034607  9.578393357951501e-15  2.8004131941831583  0.004428348541905082  -0.002  0.0010000000000090843  -4.7095883647738955e-15
3.651038404531155  -0.012499999999999888  0.003532656600601377  -2.238765013878206e-14  2.8002137433250898  0.004370390859778762  -0.0019969677732426857  0.0009984838866239976  1.090527677793651e-14
3.6634708588987146  -0.012499999999999775  0.0034959008309818572  3.7289097353525145e-15  2.8000346258993414  0.004318356391511631  -0.001981278705676868  0.0009906393528293926  1.1553285736613078e-14
3.6759041684892155  -0.012499999999998996  0.003447795412761695  1.080725586694115e-14  2.799815568984602  0.004254738088352942  -0.0019524874619766303  0.0009762437309724896  3.433195353053272e-15
3.6883385683667846  -0.012499999999999218  0.0033871314118970853  -4.6569468956646625e-15  2.799541618223424  0.004175206046069999  -0.0019164781883811472  0.0009582390941799159  -1.3809157728777059e-14
3.7007743114262683  -0.0125  0.0033130514853537156  -9.015402686449201e-15  2.799209368607559  0.004078791211719644  -0.001872801121316289  0.0009364005606588284  -8.952306119593022e-15
3.713211663274337  -0.01250000000000011  0.0032249965241069435  -2.9717710343049516e-15  2.798816756206234  0.003964919493245766  -0.0018211821584278348  0.0009105910792151215  7.957032306027553e-15
3.7256508955195526  -0.012499999999999666  0.0031227771368555605  -1.5702194519000855e-15  2.7983633462073767  0.0038334948639553957  -0.0017615607844725118  0.0008807803922283019  1.0411637234895775e-14
3.7380922780858703  -0.012499999999999218  0.0030066180795638143  -1.4748032910201277e-15  2.7978505064864665  0.0036849484463013886  -0.0016941130393385425  0.0008470565196601696  -8.152874246086842e-15
3.7505360709397015  -0.012500000000000335  0.002877182201563193  -7.783452880603228e-16  2.797281489300569  0.0035202601325373165  -0.0016192624945370253  0.0008096312472669878  -6.9844661144600874e-15
3.7629825156458825  -0.012500000000000002  0.0027355712891586914  -3.4667442453026473e-15  2.796661411994685  0.003340950212665647  -0.0015376780251047648  0.0007688390125508758  7.036137325838185e-15
3.7754318272241876  -0.012499999999999999  0.0025833017820605995  -1.0174761182551675e-14  2.795997130003397  0.0031490393095819713  -0.0014502574690235133  0.0007251287345046997  4.0114168457831635e-15
3.7878841867869992  -0.01249999999999922  0.0024222554551559528  -4.464425905638824e-15  2.795297004642441  0.0029469777072571703  -0.0013580974596151788  0.0006790487297975746  1.7144028852465177e-15
3.800339735409173  -0.012499999999999777  0.002254607463719066  -1.5725196578274594e-14  2.7945705779623795  0.002737548057256441  -0.0012624509963176335  0.0006312254981560945  -1.645624985730138e-14
3.8127985696119366  -0.012500000000000669  0.0020827363596855578  -1.0722592796060742e-14  2.793828176004178  0.0025237480714649617  -0.0011646755153627984  0.0005823377576945426  -1.537020742781308e-14
3.825260738728234  -0.012500000000001335  0.0019091224876425978  -1.110236703180936e-15  2.7930804688887525  0.0023086617819395795  -0.0010661751670319802  0.0005330875835301697  1.3327578608178006e-14
3.8377262442789593  -0.012499999999999555  0.0017362422928869617  -7.644482198761446e-15  2.7923380202426396  0.0020953289810087547  -0.0009683415479035192  0.0004841707739548377  9.009018887070643e-15
3.850195041347913  -0.012499999999999779  0.0015664663442794106  -3.39243630914761e-15  2.791610858814588  0.0018866223731658623  -0.0008724972142834294  0.0004362486071449728  -9.287269887656946e-15
3.862667041786266  -0.012500000000000556  0.0014019682572536981  -3.144076739315162e-15  2.7909081018537973  0.0016851408347125282  -0.0007798458845030799  0.00038992294226030387  -1.729368289586638e-15
3.875142118972038  -0.012500000000000113  0.0012446503177367244  2.6420192964865115e-16  2.790237653430722  0.0014931251779312822  -0.0006914324148561674  0.00034571620743632884  2.67746861334224e-15
3.8876201137464177  -0.0125  0.0010960896798722073  1.8709766738879224e-15  2.789605992456904  0.0013124002899986501  -0.0006081145339032623  0.0003040572669515179  1.4009566844177434e-14
3.900100841108017  -0.012499999999999222  0.0009575068513606791  -2.9321718564006373e-15  2.789018055976989  0.0011443448429749093  -0.000530547112915692  0.0002652735564491188  3.3778877909598755e-15
3.9125840972405923  -0.012500000000000335  0.0008297560843029794  -4.867697291007158e-15  2.788477214619424  0.0009898873074303503  -0.0004591786047572114  0.000229589302376113  -1.571786304013618e-14
3.9250696664700118  -0.012500000000000443  0.0007133355206635258  -2.0747921866256612e-15  2.787985329944875  0.0008495250314613041  -0.00039425832346980105  0.00019712916174275346  -5.042601904291349e-15
3.937557327817143  -0.012500000000000558  0.0006084136579055797  -4.135342312237041e-15  2.78754287836108  0.000723361800147798  -0.00033585256972690843  0.00016792628487526692  -3.0031546799839804e-15
3.9500468608770563  -0.012500000000000776  0.0005148679705766591  5.34498530092695e-16  2.787149123618053  0.0006111586406761881  -0.00028386723255212083  0.00014193361628814195  2.464446989749337e-15
3.9625380508491794  -0.012500000000000221  0.0004323313266033848  1.8470438517928026e-15  2.786802319366731  0.000512392582992628  -0.00023807442586901473  0.0001190372129432857  4.206709905744831e-15
3.975030692615338  -0.012500000000000332  0.00036024207245903664  6.581995778387213e-16  2.786499924545121  0.0004263185236092372  -0.00019814087800380597  9.90704390049487e-5  7.251469046916085e-15
3.9875245938466035  -0.012499999999999779  0.00029789421844626476  -3.0764357619162993e-15  2.7862388168757968  0.0003520301030996895  -0.00016365611714841372  8.182805857447415e-5  -1.7217549331109258e-15
4.000019577167702  -0.012500000000000223  0.000244484886597008  -1.0915408900994614e-14  2.786015492937157  0.0002885164321353714  -0.00013415891918718925  6.707945959732169e-5  -5.1915825496418344e-15
4.012515481467638  -0.012500000000000334  0.00019915698324800315  7.337584272653963e-15  2.7858262466762307  0.0002347124689548566  -0.00010916092916307753  5.458046458418859e-5  7.358394396992484e-15
4.025012162455891  -0.01249999999999967  0.00016103582247816548  6.114271543947996e-16  2.7856673214413608  0.00018954174987985704  -8.816679643930922e-5  4.4083398222168326e-5  -7.077624060845828e-15
4.037509492601275  -0.012500000000000996  0.00012925910550261015  -8.041337523390498e-15  2.78553503340153  0.00015195094594725096  -7.069053640080026e-5  3.534526820880706e-5  -4.704294080915285e-15
4.050007360576617  -0.012500000000000667  0.0001030002040825488  -4.0444052768386224e-15  2.7854258664816287  0.0001209363387964497  -5.6268123710043414e-5  2.8134061859931882e-5  1.1693442106365652e-14
4.062505670334748  -0.012499999999999444  8.148511141452661e-5  -9.821038265210704e-15  2.7853365405830957  9.556275393432754e-5  -4.446655175112132e-5  2.2233275868154077e-5  1.2917272741571063e-14
4.075004339936324  -0.012499999999999001  6.40036986360878e-5  -9.529327207542157e-15  2.78526405596451  7.49757862572845e-5  -3.4889737517924774e-5  1.7444868752728834e-5  -1.5281380426838913e-14
4.087503300221881  -0.012500000000000556  4.9916078299008974e-5  -2.764192690441385e-15  2.7852057172934486  5.840832085994258e-5  -2.7181731839378123e-5  1.3590865926792395e-5  -1.1381949441404895e-14
4.100002493420208  -0.012500000000000002  3.86549468319089e-5  8.128292167305796e-15  2.785159141103616  4.5182406995304756e-5  -2.1027728967145345e-5  1.0513864492171607e-5  8.397670533774162e-15
4.112501871749202  -0.0125  2.972476789555608e-5  6.46411316218403e-15  2.7851222503284827  3.470752037153527e-5  -1.6153363016549525e-5  8.076681505270557e-6  1.480394001813398e-14
4.125001396069883  -0.012499999999998668  2.269860631740728e-5  3.502391018831302e-15  2.785093259314324  2.647617060909503e-5  -1.2322743982901295e-5  6.1613719784537824e-6  5.189190887001825e-15
4.1375010346206835  -0.01249999999999989  1.7213333660901415e-5  3.583868391182784e-15  2.785070652336272  2.005770264592031e-5  -9.33562797999491e-6  4.667813980480385e-6  -1.2137957663792253e-14
4.150000761863933  -0.012500000000000112  1.2963818343313198e-5  -6.7096292675361644e-15  2.785053158158826  1.5091004726721864e-5  -7.024061833048922e-6  3.5120309137564248e-6  -1.3571893916762413e-15
4.162500557447183  -0.01250000000000011  9.696601922939851e-6  1.4613940660369753e-15  2.785039722708774  1.1276702474980819e-5  -5.248779094242953e-6  2.624389548828512e-6  -7.592850656038256e-15
4.175000405292028  -0.012500000000000556  7.20345725463622e-6  3.912475618840371e-15  2.785029481481025  8.369292972626711e-6  -3.895556981107509e-6  1.9477784976708133e-6  -3.230131952209656e-15
4.187500292804726  -0.012500000000000445  5.315118506471315e-6  -3.2440863670976885e-15  2.7850217328623765  6.169550534919608e-6  -2.871691790292495e-6  1.4358459044227833e-6  -1.0932183145609425e-15
4.2000002102047365  -0.012500000000000667  3.895390271110336e-6  6.688600352744044e-15  2.7850159131883103  4.517432060993283e-6  -2.102705874136714e-6  1.051352942152474e-6  9.477135661111637e-15
4.21250014995832  -0.012499999999999558  2.8357658657654465e-6  7.865934402756246e-15  2.7850115740496895  3.2856261658816544e-6  -1.5293503755957202e-6  7.646751910801765e-7  -5.872261914002184e-15
4.225000106308989  -0.012500000000001111  2.0506252730876285e-6  9.949821181151688e-15  2.7850083621196795  2.3738210714489774e-6  -1.104939259498715e-6  5.524696400032708e-7  -8.071077214573215e-15
4.237500074894734  -0.01249999999999989  1.4730376040094444e-6  8.13867186181904e-15  2.7850060015767957  1.7037116042246366e-6  -7.930263478614496e-7  3.965131817966079e-7  1.2846371956809757e-14
4.250000052435154  -0.012499999999999888  1.0511578942284434e-6  -8.572798613591304e-15  2.7850042790489713  1.21472318454125e-6  -5.654177869204504e-7  2.8270889479494035e-7  2.1587551930730682e-16
4.262500036483181  -0.01249999999999989  7.451840865014996e-7  -9.916454642950892e-15  2.785003030935501  8.604116577874587e-7  -4.004969426115472e-7  2.002484721429456e-7  7.793225243844469e-16
4.275000025227603  -0.01249999999999967  5.248261964428287e-7  -1.1963110575299593e-14  2.785002132891677  6.054775570681357e-7  -2.81832641325654e-7  1.409163246605061e-7  -7.100288436378259e-15
4.287500017336877  -0.012500000000000556  3.672305913180917e-7  -1.0583322464946693e-14  2.7850014912080363  4.233184931435671e-7  -1.9704268976242318e-7  9.852134882619327e-8  7.205708556488903e-15
4.300000011841276  -0.012499999999999  2.552983629930343e-7  5.342192043631763e-15  2.785001035855651  2.940546637069834e-7  -1.3687425997640108e-7  6.843712878537492e-8  3.0899327886576147e-15
4.312500008038465  -0.012500000000000556  1.7634291519616218e-7  9.553858156764158e-15  2.7850007149360803  2.0295320964543704e-7  -9.446903100449182e-8  4.7234512606292726e-8  2.9635279396249533e-16
4.325000005423513  -0.012499999999999557  1.210273735291428e-7  1.0184574040638547e-14  2.7850004902939505  1.3918266803092628e-7  -6.478570628362788e-8  3.239284762208743e-8  4.9512017353632935e-15
4.337500003637279  -0.012499999999999666  8.25352362578868e-8  -9.443529392452746e-17  2.7850003341040175  9.484408697709885e-8  -4.41474260863569e-8  2.2073711340431303e-8  -1.2585193952270765e-14
4.35000000242428  -0.01250000000000011  5.59293925184322e-8  1.1025759441751247e-14  2.7850002262341507  6.422242266221488e-8  -2.989369261513113e-8  1.494685395481496e-8  -6.114832361052172e-15
4.36250000160651  -0.012500000000000556  3.7661727244943207e-8  1.5840801107609175e-14  2.785000152229481  4.3214277756482364e-8  -2.0114983334742974e-8  1.0057499653450322e-8  5.437182663189184e-15
4.375000001057856  -0.01249999999999989  2.5201913744113645e-8  -3.47593951409234e-16  2.7850001017930115  2.8896579336372902e-8  -1.345055940059297e-8  6.725280569692002e-9  8.796197056993116e-15
4.387500000692646  -0.012499999999999447  1.6759343512711883e-8  -1.9263045327696797e-15  2.7850000676439817  1.9202493310918634e-8  -8.938354528016319e-9  4.469181508027807e-9  -1.554544897381433e-14
4.40000000045057  -0.012500000000001555  1.1075976860567907e-8  -5.7188836724066195e-15  2.7850000446735574  1.2681744108083093e-8  -5.90305396629142e-9  2.951535852789771e-9  6.294200862111959e-15
4.412500000291613  -0.012499999999999113  7.274821530636418e-9  -1.390695010440853e-14  2.785000029322446  8.323934111413762e-9  -3.874490422598262e-9  1.937245754714836e-9  1.0358258441439792e-14
4.425000000187669  -0.012500000000000778  4.748955858837583e-9  -9.074989110250631e-15  2.785000019128402  5.4300912978660045e-9  -2.5276238076924633e-9  1.2638111849395259e-9  -7.833614385528794e-15
4.437500000119735  -0.012500000000000112  3.0811765807217577e-9  -5.4623153479442956e-15  2.785000012402638  3.520809392485932e-9  -1.6388009203323168e-9  8.194012070515229e-10  4.902031546162451e-15
4.45000000007632  -0.012499999999999888  1.98695589861285e-9  -7.262894162191759e-15  2.7850000079934567  2.2691491983743505e-9  -1.0560839216323264e-9  5.28040399617659e-10  -2.85861735066087e-16
4.46250000004836  -0.01249999999999967  1.273684501060589e-9  -4.821668434727405e-15  2.7850000051203505  1.4535438242565345e-9  -6.765796838147215e-10  3.3828894503076743e-10  -1.0427814830722043e-15
4.475000000030305  -0.012499999999999999  8.114787703491647e-10  -1.6198384918712863e-15  2.7850000032601434  9.254759593591453e-10  -4.307822501602151e-10  2.1539545309017239e-10  -9.406991831442754e-15
4.487500000018819  -0.012500000000000889  5.139906738512949e-10  -5.358978147209925e-15  2.785000002063473  5.857702210025931e-10  -2.7264475686583376e-10  1.3633258123485262e-10  -2.342592144577499e-15
4.500000000011617  -0.012500000000000223  3.2356942669146175e-10  9.16751574732424e-15  2.785000001297762  3.684033133786625e-10  -1.7166521983139355e-10  8.584170623453035e-11  4.555558013014233e-15
4.512500000007479  -0.012500000000000556  2.0244059847960025e-10  2.093638957211032e-14  2.785000000811859  2.3046711642827022e-10  -1.0736738467413985e-10  5.3684131310420284e-11  1.2759132857422489e-14
4.525000000004478  -0.012499999999998667  1.2598611972505124e-10  1.889048213364873e-15  2.7850000005053825  1.4346593391674517e-10  -6.659993304769255e-11  3.3293377833642644e-11  1.2961943155651442e-15
4.537500000002493  -0.012500000000000223  7.798345057951225e-11  3.845285365549492e-15  2.7850000003121655  8.861621748622403e-11  -4.1221158658286556e-11  2.0609397100255933e-11  -1.2109116956709819e-14
4.550000000001499  -0.01250000000000011  4.78785763560906e-11  3.983579145255155e-15  2.7850000001915323  5.437126355944049e-11  -2.5439465914274756e-11  1.2723308734251746e-11  2.593104912238877e-15
4.562500000001066  -0.012500000000000112  2.9299875766877605e-11  -1.2954558080649135e-14  2.785000000116768  3.314760949216924e-11  -1.5517672275990862e-11  7.762251932458094e-12  -2.2731396135358613e-15
4.575000000000634  -0.012500000000000778  1.7734816956288007e-11  -9.842859659583936e-15  2.785000000070899  2.012648518749637e-11  -9.38787888812018e-12  4.697516780186907e-12  1.9500562892757333e-15
4.587500000000252  -0.012499999999999668  1.0735850007438081e-11  4.047502015773558e-15  2.7850000000430404  1.2218084727972859e-11  -5.623523472093222e-12  2.8153471851002522e-12  -1.966282142309991e-15
4.600000000000171  -0.012500000000000223  6.43246502724169e-12  -1.1446073071670206e-14  2.7850000000255246  7.245798627958249e-12  -3.392228805111442e-12  1.6965861628107008e-12  8.193659740043163e-15
4.612499999999925  -0.012499999999999113  3.796685684010452e-12  -1.498930410888433e-14  2.785000000015321  4.349270157966916e-12  -1.9589971650614177e-12  9.69011042286834e-13  1.3724941258389865e-14
4.62500000000008  -0.012499999999999222  2.2555475937236316e-12  -3.4466741458134873e-15  2.7850000000092603  2.6288200204095952e-12  -1.1064622821559159e-12  5.382330572391386e-13  -4.7038540677952775e-15
4.637499999999988  -0.012499999999999222  1.300244037361582e-12  -4.8059152512582275e-15  2.7850000000050863  1.4438765554454612e-12  -6.590043106057996e-13  3.203145845698586e-13  -6.917172143467073e-15
4.650000000000145  -0.012499999999999557  7.046855081392522e-13  1.2637422918556616e-15  2.785000000002829  8.031293484678871e-13  -3.79789520229263e-13  1.9126761298779787e-13  -1.4203675068882791e-14
4.6624999999999535  -0.012500000000000776  4.4395918675782224e-13  5.8253096303830875e-15  2.7850000000021335  6.056387709750426e-13  -2.6310847103629914e-13  1.386889081040585e-13  2.680035643442011e-15
4.674999999999856  -0.012499999999999557  3.6253935200536007e-13  -4.8838096109612444e-15  2.7850000000021646  6.144161299744894e-13  -1.9906800484209492e-13  9.967884517149519e-14  1.1299624027577935e-14
4.6874999999998925  -0.01250000000000011  3.707034670384486e-13  -1.2913483771575624e-14  2.7850000000015926  4.52034988481166e-13  -1.0288539694682495e-13  4.442615284852641e-14  3.023152723197503e-15
4.699999999999922  -0.012499999999999555  1.325495803398228e-13  -6.834502013131739e-16  2.7850000000003714  1.0532930799564972e-13  -3.336936955097019e-14  1.563571284634615e-14  -1.4958300114600673e-14
4.712499999999911  -0.012500000000001222  2.6230240155958066e-14  -2.9569658297298234e-15  2.7849999999998145  -5.270704079265534e-14  -5.323029726614794e-14  3.6485664670364344e-14  -6.88067581818614e-15
4.72499999999995  -0.01249999999999989  -5.569487776898271e-15  -8.103844024544655e-15  2.7849999999998456  -4.392968179303004e-14  -5.3786345969975265e-14  3.515576716527541e-14  1.009651953230035e-14
4.737500000000171  -0.01250000000000011  -1.4458743246307635e-14  -1.1670940316244377e-14  2.7849999999998607  -3.9497115498231236e-14  -4.141524834265228e-14  2.2392284643971705e-14  3.0593478831776105e-15
4.749999999999876  -0.012499999999999555  -1.979951619474114e-14  -8.291714810576901e-15  2.7849999999998456  -4.3841908203063087e-14  -2.9940893687832556e-14  1.702640637933005e-14  -3.801946008552868e-15
4.762499999999863  -0.012500000000000667  -1.3164078846714825e-14  8.142043834615163e-15  2.784999999999923  -2.1942397498984916e-14  -6.515562833818677e-15  1.0393359448721414e-14  -6.3572909841806396e-15
4.774999999999852  -0.012500000000000667  -3.0919366363103224e-14  1.7034857872069547e-14  2.7850000000000312  8.734472204709229e-15  1.7536485788019874e-14  1.5165019178279328e-16  2.7886608762611792e-15
4.787500000000125  -0.01250000000000011  -9.460585163575531e-15  2.3754481493982223e-14  2.7850000000000312  8.73447220470477e-15  2.0429818269473717e-14  6.228600234684345e-16  -6.624413021041321e-15
4.80000000000017  -0.012500000000000998  -1.817656647265185e-14  1.8721206074867957e-14  2.784999999999892  -3.0719756498573825e-14  -5.791686823558869e-14  4.275218659888807e-14  7.124463753175211e-16
4.812500000000102  -0.01250000000000011  4.650786566925133e-15  7.46053294556665e-15  2.7850000000000623  1.7599604794339504e-14  -5.8516515847968e-14  4.071135816761981e-14  3.968858099729515e-15
4.825000000000091  -0.012500000000000667  6.0262785098242655e-16  5.355649372509276e-15  2.785000000000232  6.583119249723826e-14  -1.4671967574999892e-14  1.0356341491582083e-14  1.2896626979705156e-14
4.837499999999794  -0.012499999999999555  1.692014712005418e-14  3.539483244777864e-15  2.7850000000001858  5.266515399781032e-14  2.953228978346594e-14  -2.041613288584532e-14  4.4440644172123295e-15
4.850000000000067  -0.01250000000000011  7.799226457354449e-16  -1.1531514716760585e-14  2.7850000000001858  5.2665153997813915e-14  4.6506151994571066e-14  -2.5440962458338833e-14  -1.1368267482921729e-14
4.862499999999832  -0.012500000000000441  6.3015079677845824e-15  -1.5796734325829096e-14  2.7850000000002475  7.021987199704752e-14  3.236433130143053e-14  -1.6094375373773273e-14  6.816914007033471e-15
4.8750000000000435  -0.012499999999999555  2.9257999255192964e-15  -1.7737609417741745e-15  2.7850000000002475  7.021987199706444e-14  2.0950130258050302e-14  -1.3802981547577493e-14  1.4499383939674556e-17
4.887500000000032  -0.01250000000000011  1.6590302658600322e-14  2.0429659434086817e-16  2.7850000000001858  5.2665153997824227e-14  -2.9110288304955203e-15  -1.5581735960424278e-15  -6.429561984165996e-16
4.8999999999997375  -0.01250000000000011  2.6759723136566688e-14  -4.489481590881696e-15  2.785000000000139  3.9499115498373426e-14  2.813260627884587e-14  -1.1765734886307963e-14  -9.985556330262257e-15
4.912500000000009  -0.012500000000001222  2.550879655706766e-14  6.941594845310033e-15  2.784999999999938  -1.7553717999167636e-14  1.7779224565044136e-14  -2.5374386677347164e-15  1.882345607002142e-15
4.925000000000064  -0.012499999999999333  6.612567925040486e-16  8.997512273924781e-15  2.785  1.0000000663430212e-18  3.9604802243583956e-14  -2.371186666641161e-14  1.8640932711773613e-14
4.937499999999987  -0.012499999999999  -1.6852289619826984e-14  -8.898441591208418e-15  2.7850000000001396  3.94991154983698e-14  7.433173118059693e-14  -5.147818549887046e-14  2.1647760160793897e-15
4.949999999999975  -0.012499999999999  2.134106656111094e-14  4.84305998591739e-15  2.7850000000001547  4.388779499820489e-14  2.6557612975009543e-14  -2.457680144221229e-14  -8.193425923816625e-15
4.962499999999963  -0.01250000000000011  -2.356881211199975e-15  8.532775563598976e-15  2.785  4.488679507855833e-17  -1.758829385582417e-14  1.0889900274849796e-14  -1.8594070679481095e-14
4.974999999999952  -0.012500000000001222  1.8529073981724113e-14  1.000761030169446e-15  2.784999999999784  -6.135273940729045e-14  -4.3622356911736713e-14  3.676490183369469e-14  -7.121869382305724e-15
4.9875000000000105  -0.012500000000000441  -1.917567762854429e-14  8.73639659398516e-15  2.784999999999954  -1.3121151704341306e-14  -3.149047361088093e-14  3.843887284997791e-14  -8.357955951118153e-15
4.999999999999999  -0.012500000000000998  -3.4499278914143534e-43  5.593915224706843e-15  2.785000000000124  3.5110435998597846e-14  -1.0820564480923069e-14  3.2282896260559664e-14  0.0
